2011001	573	142	2	1	2	5	4	2	3	5	1	3	6	1	1	19	12	2	10	15	3	18	4	2	1	5	4	41	3	29	6	7	2	22	2	13	4	6	16	5	1	3	7
2011002	624	726	3	1	2	6	1	3	6	7	2	4	7	1	2	20	13	3	11	7	4	19	5	3	2	6	1	42	4	30	7	8	3	23	1	14	5	7	6	6	2	4	15
2011003	018	937	4	2	1	3	2	4	1	7	3	9	8	2	3	21	14	4	12	1	5	9	6	4	1	3	2	43	5	31	8	9	4	24	2	15	6	8	1	7	3	5	19
2011004	600	640	0	3	2	1	4	5	6	1	4	1	9	3	4	22	15	5	6	2	6	1	7	5	2	1	4	44	6	32	9	10	0	25	3	16	7	9	2	1	4	6	10
2011005	758	571	1	1	3	2	1	5	1	7	5	2	10	4	5	23	16	5	1	3	7	2	8	6	3	2	1	45	7	7	10	11	1	1	4	17	8	10	3	2	5	7	13
2011006	338	242	2	1	2	3	4	1	2	1	6	3	11	5	2	24	17	1	2	4	8	3	9	7	4	3	4	46	8	1	11	12	2	1	2	18	9	11	4	3	6	8	8
2011007	765	285	3	2	2	4	1	5	3	2	8	4	12	6	2	25	18	2	3	5	9	4	10	8	5	4	1	47	9	2	8	13	3	2	1	19	10	5	5	4	7	9	15
2011008	156	982	4	3	2	5	2	1	4	3	8	9	13	7	1	26	19	3	4	6	10	9	11	9	6	5	2	48	10	3	8	14	4	3	2	20	11	1	6	5	8	10	19
2011009	263	176	5	1	1	6	3	2	6	7	1	1	14	1	2	27	20	4	5	7	11	1	12	10	7	6	3	49	11	7	1	15	5	4	1	21	12	2	6	6	9	11	14
2011010	070	573	6	1	2	3	4	5	1	7	2	2	15	1	3	28	21	5	6	8	12	2	13	11	8	7	4	50	12	7	2	16	6	5	2	3	13	3	1	7	10	12	15
2011011	374	635	7	2	3	3	5	5	6	1	3	3	16	2	4	29	22	1	6	9	13	3	14	12	9	3	5	51	13	1	3	17	7	6	3	1	14	5	2	8	11	13	14
2011012	722	587	8	3	4	1	6	5	1	7	8	4	17	3	5	30	23	5	1	10	14	4	15	13	10	1	6	52	14	2	8	18	8	7	4	2	15	1	3	7	12	14	20
2011013	279	879	9	4	5	2	7	1	2	7	8	9	18	4	6	31	24	1	2	11	8	5	16	14	11	2	7	53	15	7	1	19	9	8	5	3	16	2	4	1	13	9	24
2011014	821	277	10	5	2	3	8	2	3	7	1	1	19	5	2	32	25	2	3	12	1	6	17	15	12	3	8	54	16	7	2	20	10	9	6	4	17	3	5	7	14	1	16
2011015	919	809	0	6	1	4	9	3	4	1	8	9	20	6	1	33	26	3	4	13	8	7	0	16	13	4	9	55	17	1	3	21	11	10	7	5	18	4	6	1	15	9	17
2011016	376	777	1	7	2	5	10	4	5	7	1	1	21	7	2	34	27	4	5	7	1	8	1	17	14	5	10	56	18	7	4	22	12	11	8	6	19	5	7	7	16	1	21
2011017	560	813	2	1	3	3	11	5	6	1	8	2	22	8	3	35	28	5	6	1	8	9	2	1	15	6	11	57	19	1	5	23	13	12	9	3	20	6	8	1	17	2	12
2011018	288	141	3	1	4	1	4	6	7	2	1	3	23	1	4	36	29	6	7	2	1	10	3	1	16	7	4	58	20	2	6	24	14	1	10	1	21	7	9	2	18	3	6
2011019	801	358	4	1	5	3	1	5	8	3	8	4	24	1	5	3	30	7	8	3	2	11	4	2	17	8	1	5	21	3	7	25	15	1	11	2	22	8	10	3	8	4	16
2011020	196	164	5	1	6	1	4	1	6	4	1	5	25	1	6	1	31	8	9	4	3	12	5	3	18	9	2	1	6	4	8	26	16	2	12	3	4	9	11	4	1	5	11
2011021	318	215	6	1	2	2	1	5	1	5	2	6	26	1	2	2	32	9	10	5	4	13	6	1	19	10	3	2	1	5	9	27	17	3	13	4	1	5	12	5	2	6	8
2011022	059	782	7	1	2	3	2	1	2	7	8	7	27	2	1	3	33	10	11	7	5	14	7	1	20	11	4	3	2	6	8	28	18	4	2	5	2	1	13	6	3	7	17
2011023	015	777	8	2	1	4	3	2	3	7	1	8	28	3	2	4	34	11	12	7	6	15	8	2	21	12	5	4	3	7	1	29	19	5	1	6	3	2	14	7	4	8	21
2011024	539	388	9	3	2	3	4	3	4	1	8	9	29	4	3	3	35	12	13	1	7	16	9	3	22	13	6	5	4	1	8	30	20	6	2	7	4	3	15	1	8	9	19
2011025	057	546	10	4	3	1	4	5	6	2	1	10	30	5	4	1	36	5	14	2	8	17	10	4	23	14	4	6	5	2	1	31	21	7	3	8	5	4	6	2	1	10	15
2011026	448	591	11	1	4	2	1	5	1	3	2	9	31	6	5	2	37	5	15	3	9	18	11	5	24	15	1	7	6	3	2	9	22	1	4	9	6	5	1	3	2	11	15
2011027	954	677	12	1	5	3	2	1	6	7	3	1	32	7	6	3	38	1	6	4	10	19	12	6	25	16	2	8	7	7	3	1	23	1	5	10	7	6	2	7	3	12	20
2011028	206	347	13	2	6	3	4	2	1	7	4	2	33	8	7	3	39	2	1	5	11	20	13	7	26	17	4	9	8	1	4	2	24	2	6	11	8	7	3	7	4	13	14
2011029	106	679	14	3	7	1	1	3	6	7	5	9	34	9	8	1	40	3	6	6	12	21	14	8	27	18	1	10	9	7	5	3	25	3	7	12	9	8	4	1	5	9	22
2011030	492	013	0	1	8	3	2	4	1	1	6	1	0	10	9	2	41	4	1	7	13	22	15	1	28	19	2	11	10	1	6	4	26	4	8	3	10	9	5	2	6	1	4
2011031	527	937	1	1	9	3	3	5	2	7	7	9	1	11	10	3	42	5	2	8	14	9	16	1	29	3	3	12	11	2	7	5	27	5	9	1	11	10	6	7	7	2	19
2011032	561	265	2	2	2	1	4	5	6	1	8	1	2	12	2	4	43	6	3	9	15	1	17	2	30	1	4	13	6	3	8	6	28	6	10	2	12	5	7	1	8	3	13
2011033	403	106	0	1	1	2	5	1	6	2	9	2	3	1	1	5	44	7	4	10	16	2	0	3	31	2	5	14	1	4	9	7	29	7	11	3	13	1	6	2	9	4	7
2011034	785	200	0	1	2	3	6	2	1	3	10	3	4	1	2	6	45	8	5	11	17	3	0	4	32	3	6	15	2	5	10	8	0	8	12	4	14	2	1	3	10	5	2
2011035	372	219	1	1	2	4	7	3	2	4	11	9	5	2	2	7	46	9	6	12	18	4	1	1	33	4	7	16	3	6	11	9	1	9	13	5	15	3	2	4	11	9	12
2011036	676	350	0	1	1	3	8	5	3	5	12	1	6	3	1	3	47	10	7	13	19	5	2	1	34	5	8	5	4	7	12	10	0	10	14	6	16	4	3	5	12	1	8
2011037	921	063	0	2	2	3	9	1	6	6	13	2	0	4	2	1	48	11	8	14	20	6	3	2	35	6	9	1	6	8	13	11	1	11	15	3	17	5	4	6	13	2	9
2011038	384	404	0	3	3	1	4	2	1	7	14	3	1	5	3	2	4	12	9	15	21	7	0	3	36	7	10	2	1	9	14	12	2	12	16	1	4	6	5	7	14	3	8
2011039	742	784	1	4	4	2	4	3	2	7	8	4	2	6	4	3	1	13	10	7	22	8	1	4	37	8	11	3	2	10	8	13	3	13	17	2	4	7	6	8	15	4	19
2011040	767	958	2	5	5	3	1	5	3	1	8	9	3	7	5	4	2	14	11	1	23	9	2	5	38	9	12	5	3	11	1	14	4	14	18	3	1	8	7	9	8	5	22
2011041	551	286	3	6	2	4	2	1	6	2	8	1	4	8	2	5	3	15	12	2	24	1	3	6	39	10	13	1	4	12	8	15	5	15	19	4	2	9	6	10	1	6	16
2011042	101	208	0	7	2	5	3	2	1	3	8	2	5	9	2	6	4	16	13	3	25	2	0	7	40	11	14	2	5	13	1	16	6	16	20	5	3	10	1	11	8	7	10
2011043	352	133	1	1	1	3	4	3	2	4	1	3	6	1	1	7	5	17	14	4	26	3	1	8	41	3	15	3	6	14	2	17	7	17	21	3	4	11	2	12	1	8	7
2011044	151	456	2	1	2	1	4	5	6	5	2	4	7	1	2	8	4	18	15	5	27	4	2	9	42	1	16	5	7	15	3	18	8	18	22	1	5	12	6	13	2	9	15
2011045	013	224	3	2	2	2	4	1	1	6	3	5	8	2	2	9	1	19	16	6	28	5	3	10	2	2	17	1	8	16	4	19	9	19	23	2	4	13	1	14	3	10	8
2011046	816	816	4	1	1	3	1	2	6	7	8	6	9	3	1	10	2	20	17	7	8	6	4	1	1	3	18	2	9	17	5	20	10	20	24	3	1	14	6	15	4	11	15
2011047	755	954	5	1	2	4	4	5	1	8	1	9	10	4	2	11	3	21	18	8	1	9	5	1	2	4	19	5	10	18	6	21	11	21	25	4	4	15	1	16	5	12	18
2011048	064	458	6	2	3	5	4	5	2	9	8	1	11	5	3	12	4	22	19	9	2	1	6	2	3	5	20	5	11	19	7	22	12	22	26	5	1	16	2	17	8	13	17
2011049	958	730	0	3	4	3	1	1	3	7	1	2	12	6	4	13	1	23	20	7	3	2	7	3	4	3	21	1	12	20	8	23	0	23	27	6	2	17	3	18	1	14	10
2011050	537	316	1	1	5	3	2	2	6	1	2	3	13	7	5	3	2	24	21	1	4	3	8	1	5	1	22	2	13	21	9	24	1	24	28	7	3	18	6	19	2	15	10
2011051	561	281	2	1	2	1	3	3	1	2	8	4	14	8	2	1	3	25	22	2	5	4	9	1	6	2	23	3	14	22	8	25	2	1	29	8	4	19	1	20	3	16	11
2011052	798	057	0	1	1	2	4	5	2	7	1	5	0	9	1	2	4	26	23	3	6	5	10	2	7	3	24	5	15	23	1	26	3	1	30	9	5	20	2	7	4	17	12
2011053	267	278	1	2	2	3	5	1	3	7	8	6	1	10	2	3	5	27	24	4	7	6	11	3	8	4	25	1	16	7	2	27	4	2	31	10	6	21	3	1	8	18	17
2011054	843	518	2	1	1	4	6	5	4	1	8	7	2	11	1	4	6	5	25	5	8	7	12	1	9	5	26	2	17	1	3	28	5	3	32	11	7	22	4	2	8	19	14
2011055	216	742	3	1	2	5	4	1	5	7	1	8	3	12	2	5	7	1	26	7	9	8	13	1	10	6	4	3	18	2	4	29	6	4	2	12	8	23	5	3	1	20	13
2011056	967	940	0	2	1	6	4	2	6	1	2	9	4	13	3	6	8	2	27	1	10	9	14	2	11	7	4	4	19	3	5	30	0	5	1	13	9	24	6	4	2	21	13
2011057	677	030	0	3	2	3	1	3	7	2	3	1	0	14	4	7	9	3	28	2	11	1	15	3	12	3	1	5	20	4	6	31	0	6	2	14	10	25	7	5	3	22	3
2011058	475	062	0	4	2	1	2	4	6	3	4	2	0	15	5	8	10	4	29	3	12	2	16	4	13	1	2	6	6	5	7	32	1	7	2	15	11	26	8	6	4	23	8
2011059	318	960	0	5	1	2	3	5	6	4	5	9	1	16	6	9	11	5	30	4	13	9	17	5	14	2	3	7	6	6	8	33	0	8	1	16	12	27	9	7	5	24	15
2011060	877	528	1	6	2	3	4	5	1	5	8	1	2	17	7	10	12	5	31	5	14	1	18	6	2	3	4	8	1	7	9	34	1	9	2	17	13	28	10	8	8	25	15
2011061	933	843	2	7	1	3	4	1	2	6	8	2	3	18	8	11	13	1	32	6	8	2	19	7	1	4	4	9	2	8	10	35	2	10	3	3	14	29	11	9	1	26	15
2011062	931	160	0	1	2	1	1	2	6	7	1	3	4	1	9	12	14	2	33	7	1	3	20	8	2	5	1	10	6	9	11	36	0	11	4	1	15	30	12	10	2	27	7
2011063	656	806	0	1	3	2	2	3	6	8	8	4	5	1	10	13	15	3	34	8	8	4	0	9	3	6	2	11	1	10	12	37	1	12	5	2	16	31	6	11	3	28	14
2011064	140	725	1	2	2	3	3	5	1	7	1	5	6	2	11	14	16	4	35	7	1	5	1	10	2	7	3	12	2	11	13	38	2	13	6	3	17	5	1	12	4	29	14
2011065	974	420	0	3	2	4	4	1	2	1	2	6	7	3	12	15	4	5	36	1	2	6	2	11	2	8	4	13	3	12	14	39	0	14	7	4	18	1	2	13	5	30	6
2011066	372	809	0	4	1	5	1	2	3	2	8	9	8	4	13	16	1	6	37	2	8	7	0	12	1	9	5	14	4	13	15	40	1	15	8	5	19	2	3	14	6	9	17
2011067	198	544	1	5	2	6	4	5	4	3	1	1	9	5	14	17	2	5	38	3	1	8	1	13	2	10	4	15	5	14	16	41	2	16	9	6	4	3	4	15	7	1	13
2011068	937	108	0	1	3	7	1	1	5	4	8	2	10	1	15	18	3	1	39	4	2	9	0	14	3	11	1	16	6	15	17	42	3	17	10	7	1	4	5	16	8	2	9
2011069	700	753	1	1	4	3	2	5	6	7	1	3	11	1	16	19	4	2	40	7	3	10	1	15	4	12	2	5	7	16	18	43	4	18	11	3	2	5	6	17	1	3	15
2011070	556	334	2	2	5	3	4	1	7	1	2	4	12	2	17	3	5	3	41	1	4	11	2	16	5	3	3	1	8	17	19	44	5	19	12	1	4	6	7	18	2	4	10
2011071	365	782	3	3	2	1	1	2	8	7	8	5	13	3	18	1	6	4	42	7	5	12	3	17	6	1	4	2	9	18	8	45	6	20	2	2	1	7	8	19	3	5	17
2011072	184	428	4	4	2	2	4	3	9	1	8	6	14	4	19	2	4	5	43	1	6	13	4	18	2	2	5	3	10	19	1	46	7	21	1	3	2	8	9	20	8	6	14
2011073	722	172	5	1	2	3	1	4	10	7	1	7	15	1	20	3	1	6	44	2	7	14	5	19	1	3	6	4	11	7	2	47	8	22	2	4	3	9	10	21	1	7	10
2011074	066	087	0	1	1	4	2	5	11	7	8	8	0	1	21	4	2	7	45	3	8	15	6	20	2	4	7	5	12	1	8	48	9	23	1	5	4	10	11	7	2	8	15
2011075	786	287	1	2	2	5	3	6	12	7	8	9	1	2	2	5	3	8	46	4	9	16	7	21	3	5	8	6	13	2	8	49	10	24	2	6	5	11	12	7	3	9	17
2011076	637	746	2	3	1	6	4	7	6	7	1	10	2	3	1	6	4	9	47	7	10	17	8	22	4	6	4	7	14	3	1	50	11	25	3	7	6	12	6	1	4	10	17
2011077	573	206	0	4	2	7	1	8	6	1	2	11	3	4	2	7	5	10	48	1	11	18	0	23	5	7	1	8	15	4	2	51	12	26	4	8	7	13	6	2	5	11	8
2011078	951	246	1	5	2	8	4	9	6	2	3	12	4	5	2	8	6	11	49	2	12	19	1	24	6	8	4	9	16	5	3	52	13	27	5	9	8	14	6	3	6	12	12
2011079	720	785	2	6	1	9	1	5	1	7	8	13	5	6	1	9	7	12	50	7	13	20	2	25	7	9	1	10	17	6	8	53	14	28	6	10	9	5	1	4	7	13	20
2011080	755	648	3	7	2	10	4	1	6	1	8	14	6	7	2	10	8	13	6	1	14	21	3	26	8	10	4	11	18	7	1	54	15	29	7	11	10	1	2	5	8	14	18
2011081	604	100	0	1	3	11	1	2	1	2	1	15	7	1	3	11	9	14	1	2	15	22	0	27	9	11	1	12	19	8	2	55	0	30	8	12	11	2	3	6	1	15	1
2011082	318	491	1	1	4	12	4	3	2	3	2	9	8	1	4	12	4	15	2	3	16	23	1	28	10	12	2	13	20	9	3	9	1	1	9	13	12	3	4	7	2	16	14
2011083	554	868	2	1	5	13	1	4	6	4	8	1	9	2	5	13	1	16	3	4	8	24	2	29	11	13	3	14	6	10	4	1	2	1	10	14	13	4	5	8	8	17	22
2011084	263	721	3	1	2	14	2	5	1	7	1	2	10	3	6	14	2	17	4	7	1	25	3	30	2	14	4	15	1	11	5	2	3	1	11	15	14	5	6	9	1	18	10
2011085	654	337	4	1	1	3	3	6	2	7	2	3	11	4	7	3	3	18	5	1	2	26	4	31	1	3	5	16	2	12	6	3	4	1	12	16	15	6	7	7	2	19	13
2011086	622	368	5	2	2	3	4	7	6	1	8	4	12	5	8	3	4	19	6	2	3	27	5	32	2	1	6	17	6	13	7	4	5	2	13	17	16	7	8	1	8	20	17
2011087	642	194	6	1	3	1	4	8	1	2	1	9	13	1	9	1	5	20	7	3	4	28	6	33	3	2	7	18	1	14	8	9	6	3	14	18	4	8	9	2	1	21	14
2011088	791	342	7	1	2	3	4	9	2	3	2	1	14	1	10	3	6	21	8	4	5	29	7	34	4	3	4	19	2	15	9	1	7	4	2	19	1	9	10	3	2	22	9
2011089	291	219	8	1	2	1	1	10	3	4	3	9	15	2	2	1	7	22	9	5	6	30	8	1	5	4	1	20	3	16	10	2	8	5	1	20	2	10	11	4	3	9	12
2011090	866	796	9	1	1	2	2	11	6	7	4	9	16	3	1	2	8	23	10	7	7	31	9	1	6	5	2	21	4	17	11	9	9	6	2	21	3	11	6	5	4	1	22
2011091	007	315	10	1	2	3	3	5	1	1	5	1	17	4	2	3	9	24	11	1	8	32	10	1	7	6	3	22	5	18	12	1	10	7	3	22	4	5	1	6	5	2	9
2011092	924	431	11	1	3	3	4	1	2	2	6	2	18	5	3	1	4	25	12	2	9	33	11	1	8	3	4	23	6	19	13	2	11	1	4	23	5	1	2	7	6	3	8
2011093	812	369	12	1	4	3	1	2	6	3	7	9	19	6	4	3	1	26	13	3	10	34	12	2	9	1	5	24	6	20	14	3	12	1	5	24	6	2	3	8	7	9	18
2011094	137	849	13	2	5	1	4	3	1	4	8	9	20	7	5	1	2	27	14	4	8	35	13	3	10	2	4	25	1	21	15	4	13	2	6	25	7	3	4	9	8	9	21
2011095	565	784	14	3	6	2	4	4	2	7	8	1	21	8	6	2	3	28	15	7	1	36	14	4	11	3	1	26	2	22	8	5	14	3	7	26	4	4	5	10	9	1	19
2011096	345	006	0	4	7	3	1	5	6	1	1	2	0	9	7	3	4	29	16	1	2	37	0	5	12	4	2	27	3	23	1	6	15	4	8	27	1	5	6	11	10	2	6
2011097	385	429	1	5	2	4	4	6	1	2	2	9	1	10	8	4	4	30	17	2	3	38	1	6	2	5	3	28	4	24	2	7	16	5	9	28	2	6	1	12	11	9	15
2011098	716	022	0	6	2	5	1	7	2	3	3	1	0	11	9	5	1	31	18	3	4	39	2	7	2	6	4	29	5	25	3	8	17	6	2	29	3	7	2	13	12	1	4
2011099	488	652	1	7	2	6	2	5	6	4	4	2	1	12	10	6	2	32	6	4	5	40	3	8	1	7	5	5	6	26	4	9	18	7	2	30	4	8	3	14	13	2	13
2011100	139	714	2	1	1	7	4	1	1	7	5	3	2	13	11	7	3	33	1	7	6	41	4	1	2	8	6	1	7	27	5	10	19	8	1	31	4	9	4	15	14	3	12
2011101	138	886	3	1	2	8	1	2	6	1	8	4	3	14	12	8	4	34	2	1	8	42	5	1	3	9	7	2	8	28	8	11	20	9	2	32	1	10	6	16	15	4	22
2011102	792	329	4	2	2	3	2	3	1	2	1	9	4	15	13	3	5	35	3	2	1	43	6	2	2	10	8	3	9	29	1	12	21	10	3	33	2	11	1	17	16	9	14
2011103	295	666	5	3	1	1	3	4	6	3	2	1	5	16	14	1	6	36	6	3	2	44	7	3	1	11	9	4	6	30	2	13	22	11	4	34	3	12	6	18	17	1	18
2011104	146	329	6	4	2	3	4	5	1	4	3	9	6	17	15	3	7	37	1	4	3	45	8	4	2	12	10	5	1	31	3	14	23	12	5	35	4	13	1	19	18	9	14
2011105	324	927	7	5	2	1	5	6	2	7	4	9	7	18	16	1	8	38	2	5	4	9	9	5	2	13	11	6	2	32	4	15	24	13	6	36	5	14	2	7	19	1	18
2011106	056	158	8	1	1	2	6	5	3	1	8	1	8	1	17	2	9	39	3	6	5	1	10	6	1	14	12	5	3	33	5	16	25	14	7	37	6	15	3	1	8	2	14
2011107	732	907	0	1	2	3	7	1	4	7	1	9	9	1	18	3	10	40	4	7	6	9	0	7	2	15	13	1	4	34	6	17	26	15	8	38	7	16	4	7	1	3	16
2011108	629	788	1	2	3	4	8	2	5	7	8	1	10	2	19	4	11	41	5	7	7	1	1	8	3	16	14	2	5	35	8	18	27	16	9	39	8	17	5	1	8	4	23
2011109	243	920	0	3	2	5	9	3	6	1	1	9	11	3	20	5	12	42	6	1	8	9	2	9	2	17	15	3	6	36	1	19	0	17	10	40	9	18	6	2	1	5	11
2011110	749	247	1	4	2	6	4	4	7	7	2	1	12	4	2	6	13	43	7	2	9	1	3	10	1	18	4	4	7	37	2	20	1	18	11	41	10	19	7	7	2	6	13
2011111	013	523	2	5	2	3	1	5	8	1	3	2	13	5	1	7	14	5	8	3	10	2	4	11	2	19	1	5	8	38	3	21	2	19	12	3	11	20	8	1	3	7	10
2011112	076	574	3	6	1	1	4	5	9	7	4	3	14	6	2	8	15	5	9	4	11	3	5	12	1	20	2	6	9	7	4	22	3	20	13	1	4	21	9	2	4	8	16
2011113	079	294	4	7	2	2	4	1	10	1	5	9	15	7	2	9	16	1	10	5	12	4	6	13	2	21	3	7	10	1	5	9	4	21	14	2	4	22	10	3	5	9	15
2011114	394	628	5	8	2	3	1	2	6	2	8	1	16	8	1	10	17	2	6	6	13	5	7	14	2	22	4	8	11	2	6	1	5	22	15	3	1	23	11	4	8	10	16
2011115	290	827	6	9	2	4	2	3	1	7	8	2	17	9	2	11	18	3	1	7	8	6	8	15	2	23	5	9	12	3	7	2	6	23	16	4	2	24	12	7	1	11	17
2011116	735	178	7	1	1	5	3	4	2	7	8	3	18	1	3	12	19	4	2	8	1	7	9	16	1	24	6	10	13	7	8	3	7	24	17	5	3	25	13	1	8	12	16
2011117	751	358	8	1	2	3	4	5	3	1	8	4	19	1	4	3	20	5	3	9	2	8	10	17	2	25	7	5	14	1	9	4	8	25	18	6	4	26	14	2	8	13	16
2011118	180	727	9	2	2	1	5	1	4	7	1	5	20	2	5	1	21	6	4	7	3	9	11	18	2	26	8	1	15	2	10	5	9	26	19	7	5	27	15	7	1	14	16
2011119	390	083	0	3	1	3	6	2	5	1	8	6	0	3	6	2	22	7	5	1	4	10	12	19	1	27	9	2	16	3	8	6	10	27	20	3	6	28	16	1	2	15	11
2011120	020	759	1	4	2	1	7	5	6	7	1	9	1	4	7	3	23	8	6	7	5	11	13	20	2	28	10	5	17	4	1	7	11	28	21	1	7	29	17	2	3	9	21
2011121	794	220	0	5	2	2	8	1	7	1	2	1	2	5	2	4	24	9	7	1	6	12	14	21	2	29	11	1	18	5	2	8	0	29	22	2	8	30	18	3	4	1	4
2011122	856	555	1	6	1	3	9	5	8	2	3	2	3	6	1	5	25	5	8	2	7	13	15	22	1	30	12	5	19	6	3	9	1	30	23	3	9	5	19	4	5	2	15
2011123	536	769	2	7	2	4	10	1	6	7	4	9	4	7	2	6	26	1	9	7	8	14	16	23	2	31	13	1	6	7	4	10	2	31	24	4	10	1	20	5	6	9	22
2011124	821	791	3	1	3	5	11	2	1	7	5	9	5	8	3	7	27	2	10	7	9	15	17	24	3	32	14	2	1	8	5	9	3	1	25	5	11	2	21	6	7	1	17
2011125	507	006	0	1	4	6	12	3	6	1	6	1	0	9	4	8	28	3	11	1	10	16	0	25	4	33	15	3	2	9	6	1	4	1	26	6	12	3	6	7	8	2	6
2011126	726	055	0	2	5	7	13	5	1	2	7	2	0	10	5	9	29	4	12	2	11	17	1	26	5	34	16	5	3	10	7	2	5	2	27	7	13	5	1	8	9	3	10
2011127	536	467	1	3	6	8	4	1	6	7	8	3	1	11	6	10	4	5	13	3	12	18	2	27	6	35	17	1	6	11	8	3	6	3	28	8	14	1	2	7	10	4	17
2011128	300	691	2	1	7	9	1	2	6	1	9	9	2	12	7	11	1	6	6	4	13	19	3	28	7	36	18	2	1	12	9	9	7	1	29	9	15	2	3	1	11	5	16
2011129	249	082	0	1	2	10	2	3	1	2	8	1	0	13	8	12	2	7	1	5	14	20	4	29	8	37	19	3	2	13	8	1	8	1	2	10	16	3	4	2	12	6	10
2011130	700	038	0	2	1	3	3	4	2	3	8	2	0	14	9	13	3	8	2	6	15	21	5	30	9	3	20	4	3	14	1	2	9	2	1	11	17	4	5	3	8	7	11
2011131	403	454	1	3	2	1	4	5	3	4	1	3	1	15	10	14	4	9	3	7	16	22	6	31	10	1	21	5	4	15	2	3	10	3	2	12	4	5	6	4	1	8	13
2011132	708	418	2	1	3	2	4	1	4	5	8	4	2	16	11	15	4	10	4	8	17	23	7	1	11	2	22	1	5	16	3	4	11	4	3	13	1	6	7	5	8	9	13
2011133	544	016	0	1	4	3	1	2	6	6	1	5	0	17	12	16	1	11	5	9	18	24	8	1	12	3	23	2	6	17	4	5	12	5	4	14	2	7	6	6	1	10	7
2011134	867	225	1	1	2	4	2	5	1	7	2	6	1	18	2	17	2	12	6	10	19	25	9	1	2	4	24	3	7	18	5	6	13	6	5	15	3	5	1	7	2	11	9
2011135	366	809	0	2	1	5	3	1	2	8	8	9	2	19	1	18	3	13	7	11	8	26	0	2	1	5	25	4	8	19	6	7	14	7	6	16	4	1	2	8	3	9	17
2011136	255	559	1	3	2	6	4	5	3	9	1	9	3	20	2	19	4	5	8	12	1	27	1	3	2	6	26	5	9	20	7	8	15	8	7	17	5	2	3	9	4	9	19
2011137	867	958	2	4	3	7	5	5	4	10	8	9	4	21	3	20	5	1	9	13	2	9	2	4	3	7	27	5	10	21	8	9	16	9	8	18	6	3	4	10	8	1	22
2011138	912	475	3	5	4	8	4	5	5	7	1	1	5	22	4	21	4	2	10	14	3	1	3	5	4	8	28	1	11	7	9	10	17	10	9	19	7	5	5	11	1	2	16
2011139	444	265	4	6	2	9	1	5	6	1	2	2	6	23	2	22	1	3	11	15	4	2	4	6	5	9	29	2	6	1	10	11	18	11	10	20	8	5	6	12	2	3	13
2011140	849	819	5	1	1	10	2	1	1	2	8	9	7	24	1	23	2	4	12	16	8	3	5	1	6	10	30	3	1	2	11	12	19	12	11	21	9	1	7	13	3	9	18
2011141	304	915	6	1	2	11	3	5	2	3	1	9	8	25	2	24	3	5	13	17	1	9	6	1	7	11	31	4	2	3	12	13	20	13	12	22	10	5	8	14	4	1	15
2011142	109	789	7	1	3	12	4	1	3	7	8	9	9	26	3	25	4	6	14	7	2	1	7	1	8	12	32	5	3	4	8	14	21	14	13	23	11	1	9	15	5	9	24
2011143	559	058	0	2	4	13	5	5	4	1	8	1	0	27	4	26	5	7	15	1	3	2	8	2	9	13	33	5	4	5	1	15	22	15	14	24	12	2	10	16	8	1	13
2011144	820	644	1	3	5	14	4	1	6	2	1	2	1	28	5	27	6	8	6	2	4	3	9	3	10	14	4	1	5	6	2	16	23	16	15	25	4	3	11	17	1	2	14
2011145	738	494	2	4	6	15	4	2	1	3	2	9	2	29	6	28	4	9	1	3	5	4	10	4	11	15	1	2	6	7	3	9	24	17	16	26	4	4	12	18	2	3	17
2011146	537	500	0	5	7	16	1	5	2	4	3	1	3	30	7	29	1	5	2	4	6	5	0	5	12	16	2	3	7	8	4	1	0	18	17	27	1	5	13	19	3	4	5
2011147	599	163	1	1	8	3	2	1	6	5	4	2	4	1	8	30	2	1	3	5	7	6	1	6	13	17	3	4	6	9	5	2	1	19	18	3	2	6	14	20	4	5	10
2011148	670	439	2	1	9	3	4	2	1	6	5	9	5	1	9	31	4	2	4	6	8	7	2	7	14	3	4	5	1	10	6	3	2	20	19	1	3	7	15	21	5	9	16
2011149	382	926	3	2	2	1	1	3	6	7	6	9	6	2	10	32	1	3	5	7	9	9	3	8	2	1	5	6	2	11	7	4	3	21	20	2	4	8	6	22	6	1	17
2011150	906	773	4	3	1	3	2	4	1	7	7	1	7	3	11	33	2	4	6	7	10	1	4	9	1	2	6	7	3	7	8	5	4	22	21	3	5	9	1	23	7	2	17
2011151	556	541	5	1	2	1	4	5	2	1	8	2	8	4	12	34	3	5	7	1	11	2	5	10	2	3	4	8	4	1	9	6	5	1	22	1	6	10	2	24	8	3	10
2011152	236	721	6	1	2	2	1	1	3	7	9	3	9	5	13	35	4	1	8	7	12	3	6	11	2	4	1	9	5	2	10	7	6	1	23	2	7	11	3	25	9	4	10
2011153	471	456	7	1	1	3	4	5	6	1	10	4	10	6	14	36	4	2	9	1	13	4	7	12	1	5	2	5	6	3	11	8	7	1	24	3	8	12	6	26	10	5	15
2011154	161	682	8	2	2	4	1	1	6	2	8	5	11	7	15	37	1	3	6	2	14	5	8	13	2	6	3	1	7	4	8	9	8	2	2	4	9	13	1	27	11	6	16
2011155	209	256	9	3	2	5	2	5	6	3	1	6	12	8	2	38	2	4	1	3	15	6	9	14	3	7	4	5	8	5	1	10	9	3	1	5	10	14	6	28	12	7	13
2011156	851	212	10	1	2	6	3	1	1	4	2	7	13	9	2	39	3	5	2	4	16	7	10	1	4	8	5	1	9	6	2	11	10	4	2	6	11	15	1	29	13	8	5
2011157	020	582	11	1	2	7	4	5	2	5	8	8	14	10	1	40	4	5	3	5	17	8	11	1	5	9	6	2	10	7	8	12	11	5	2	7	12	16	2	30	14	9	15
2011158	825	608	0	2	1	8	5	1	6	6	8	9	15	11	2	41	5	1	6	6	18	9	0	2	6	10	7	3	11	8	1	13	12	6	1	8	13	17	3	31	8	10	14
2011159	092	769	1	3	2	9	6	2	6	7	1	9	16	12	3	42	6	2	1	7	19	10	1	3	7	11	8	4	6	9	2	14	13	7	2	9	14	18	4	32	1	9	22
2011160	803	510	0	1	3	10	7	5	1	1	2	1	17	13	4	43	7	5	2	1	20	11	2	1	8	12	9	5	1	10	3	15	0	8	3	10	15	19	5	33	2	1	6
2011161	268	371	1	1	4	3	8	1	2	7	3	2	18	14	5	3	8	1	3	2	21	12	3	1	9	13	10	6	2	7	4	16	1	1	4	11	16	20	6	34	3	2	11
2011162	820	573	2	1	5	3	9	5	3	7	4	3	19	15	6	1	9	5	4	3	22	13	4	2	10	14	11	7	3	7	5	17	2	1	5	3	17	21	7	35	4	3	15
2011163	887	635	3	2	6	3	10	5	6	1	5	4	20	16	7	2	10	1	6	4	23	14	5	3	11	3	12	8	4	1	6	18	3	2	6	1	18	5	8	36	5	4	14
2011164	161	704	0	3	7	1	4	1	1	7	6	5	21	17	8	3	11	2	1	7	24	15	0	4	12	1	13	9	5	2	7	19	4	3	7	2	4	1	9	37	6	5	11
2011165	823	162	1	1	2	2	1	2	6	1	7	6	22	1	9	4	12	3	2	1	25	16	1	5	13	2	14	10	6	3	8	20	5	4	2	3	1	2	10	38	7	6	9
2011166	022	454	2	1	1	3	4	5	1	2	8	7	23	1	10	5	4	4	3	2	26	17	2	6	14	3	15	5	1	4	9	21	6	5	1	4	4	3	11	39	8	7	13
2011167	461	941	3	1	2	4	4	1	2	3	9	9	24	2	11	6	1	5	4	3	27	9	3	7	15	4	4	1	2	5	10	22	7	1	2	5	1	4	12	40	9	8	14
2011168	467	017	0	1	3	5	1	2	3	7	10	1	0	3	12	7	2	6	5	4	28	1	4	1	16	5	1	2	3	6	11	23	8	1	3	6	2	5	13	7	10	9	8
2011169	880	922	1	1	2	6	2	3	4	1	11	9	1	4	13	8	3	7	6	5	29	9	5	1	2	6	2	3	4	7	12	24	9	2	2	7	3	6	14	1	11	10	13
2011170	326	157	2	1	1	7	3	5	5	7	12	1	2	1	14	9	4	8	7	6	30	1	6	2	1	7	3	5	5	8	13	25	10	3	1	8	4	7	15	7	12	11	13
2011171	338	725	3	1	2	8	4	5	6	7	13	2	3	1	15	10	5	9	8	7	31	2	7	3	2	8	4	1	6	9	14	26	11	4	2	9	5	5	16	1	13	12	14
2011172	445	227	4	2	2	9	5	1	7	7	14	3	4	2	2	11	6	10	9	1	32	3	8	4	2	9	5	2	7	10	15	27	12	5	3	10	6	1	17	7	14	13	11
2011173	747	763	5	3	1	3	6	2	6	7	15	4	5	3	1	12	7	11	10	7	33	4	9	5	1	10	6	3	6	11	16	28	13	6	4	3	7	2	18	1	15	14	16
2011174	370	412	6	1	2	1	4	3	1	1	16	5	6	4	2	13	4	12	11	1	34	5	10	1	2	11	7	4	1	12	17	29	14	7	2	1	8	3	19	2	16	15	7
2011175	731	262	7	1	2	2	1	4	6	2	17	6	7	5	2	14	1	13	12	2	35	6	11	1	3	12	8	5	6	13	18	30	15	8	2	2	9	4	20	3	17	16	10
2011176	127	905	0	2	1	3	2	5	1	3	18	9	8	6	1	15	2	14	13	3	36	9	0	2	4	13	9	6	1	14	19	31	16	9	1	3	10	5	21	4	18	17	14
2011177	521	697	1	3	2	4	3	1	6	7	19	9	9	7	2	16	3	15	6	4	37	1	1	3	5	14	10	7	2	15	20	9	17	10	2	4	11	1	22	7	19	18	22
2011178	591	145	2	1	3	5	4	5	1	1	20	1	10	1	3	17	4	16	1	5	38	2	2	4	6	15	4	8	3	16	21	1	18	11	3	5	12	5	23	1	20	19	10
2011179	393	170	0	1	4	6	1	1	2	7	21	2	11	1	4	18	5	17	2	6	39	3	3	5	7	16	1	9	4	7	22	2	0	12	4	6	13	1	24	2	21	20	8
2011180	052	804	0	1	5	7	4	2	3	1	8	3	12	1	5	19	6	18	3	7	8	4	0	6	8	17	2	10	5	1	23	3	1	13	5	7	4	2	25	3	22	21	12
2011181	079	918	1	1	6	8	1	3	4	2	8	9	13	2	6	20	7	19	4	8	1	9	1	1	9	18	3	11	6	2	24	4	2	14	6	8	1	3	26	4	8	22	18
2011182	478	353	2	1	7	3	2	5	5	3	1	1	14	3	7	3	8	20	5	9	2	1	2	1	10	19	4	5	7	3	25	5	3	15	7	3	2	4	27	5	1	23	11
2011183	889	341	3	1	8	3	4	1	6	4	2	2	15	4	8	3	9	21	6	10	3	2	3	2	11	20	4	1	8	4	26	6	4	1	8	1	3	5	28	6	2	24	8
2011184	838	209	0	1	2	1	1	2	7	5	3	9	16	5	2	1	10	22	7	11	4	3	0	3	12	21	1	2	9	5	27	7	5	1	9	2	4	6	29	7	3	9	11
2011185	499	767	1	2	1	2	2	3	6	7	4	1	17	6	1	2	11	23	8	7	5	4	1	4	13	22	2	3	6	6	28	8	6	2	10	3	5	7	30	7	4	1	20
2011186	795	242	2	3	2	3	4	4	1	1	5	2	18	7	2	3	12	24	9	1	6	5	2	5	14	23	4	4	1	7	29	9	7	3	2	4	6	8	31	1	5	2	8
2011187	731	931	3	1	1	3	1	5	2	2	6	9	19	8	1	4	13	25	10	2	7	9	3	6	15	3	1	5	2	8	30	10	8	1	1	5	7	9	32	2	6	3	13
2011188	012	430	0	1	2	3	4	6	3	3	7	1	20	9	2	5	4	26	11	3	8	1	4	7	16	3	2	6	3	9	31	11	0	1	2	6	8	10	33	3	7	4	7
2011189	504	472	1	2	2	1	4	7	4	7	8	2	21	10	3	6	4	27	12	4	9	2	5	8	17	1	3	7	4	7	32	12	1	2	2	7	9	11	34	4	8	5	13
2011190	506	464	2	3	1	2	4	8	6	1	9	3	22	11	4	7	4	28	13	5	10	3	6	9	18	2	4	8	6	1	33	13	2	3	1	8	4	12	35	5	9	6	14
2011191	947	351	3	1	2	3	1	5	1	2	10	4	23	12	5	3	1	29	14	6	11	4	7	10	19	3	5	5	1	2	34	14	3	1	2	9	1	13	36	6	10	7	9
2011192	617	746	4	1	3	1	4	1	6	7	11	5	24	13	6	1	2	30	15	7	12	5	8	11	20	4	4	1	2	3	35	15	4	1	3	10	2	14	6	7	11	8	17
2011193	533	868	5	2	4	2	1	2	6	1	8	6	25	14	7	2	3	31	16	1	8	6	9	12	21	5	1	2	6	4	36	16	5	2	4	11	3	15	1	8	8	9	22
2011194	797	210	0	1	2	3	2	3	1	2	1	7	26	15	2	3	4	32	17	2	1	7	10	1	22	6	2	3	1	5	37	17	0	3	5	12	4	16	2	9	1	10	3
2011195	959	385	1	1	1	3	3	5	2	3	8	8	27	16	1	3	5	33	18	3	2	8	11	1	23	7	3	4	2	6	8	18	1	4	6	13	5	5	3	10	2	11	16
2011196	684	415	2	1	2	1	4	5	3	4	1	9	28	17	2	1	4	34	19	4	3	9	12	1	24	8	4	5	3	7	1	19	2	5	7	14	6	5	4	11	3	12	10
2011197	321	638	3	1	3	3	1	1	6	5	8	10	29	18	3	2	1	35	6	5	4	10	13	1	25	3	5	6	4	8	2	20	3	6	8	15	7	1	5	12	8	13	17
2011198	822	985	4	2	4	1	2	5	1	6	8	9	30	19	4	3	2	36	1	6	5	9	14	2	26	1	6	7	5	9	8	21	4	7	9	16	8	5	6	13	1	14	22
2011199	181	263	5	3	2	3	3	1	6	7	1	1	31	20	2	4	3	37	2	7	6	1	15	3	27	2	7	8	6	10	1	22	5	8	10	3	9	1	7	14	2	15	11
2011200	689	552	6	4	2	1	4	5	1	8	2	2	32	21	1	5	4	5	3	8	7	2	16	4	28	3	8	5	1	11	2	23	6	9	2	1	10	2	8	15	3	16	12
2011201	023	348	7	5	1	3	4	1	2	9	8	3	33	22	2	3	5	1	4	9	8	3	17	5	29	4	4	1	2	12	3	24	7	10	1	2	11	3	9	16	8	17	15
2011202	791	750	0	6	2	1	1	5	3	7	1	4	34	23	3	1	6	2	5	7	9	4	18	6	30	5	1	5	3	13	4	25	0	11	2	3	12	4	10	17	1	18	12
2011203	404	017	0	1	3	2	2	1	4	7	2	5	0	24	4	2	7	3	6	1	10	5	19	1	31	6	2	1	4	14	5	26	1	12	3	4	13	5	11	7	2	19	8
2011204	689	127	1	1	2	3	3	2	5	7	3	6	1	1	5	3	8	4	7	2	11	6	20	1	2	7	3	2	5	15	6	27	2	13	4	5	14	6	12	7	3	20	10
2011205	703	341	2	1	1	3	4	3	6	1	4	7	2	1	6	3	9	5	8	3	12	7	21	2	1	8	4	3	6	16	7	28	3	1	5	6	15	7	13	1	4	21	8
2011206	057	144	3	1	2	1	4	4	7	2	5	8	3	1	7	1	10	6	9	4	13	8	22	3	2	9	4	4	7	17	8	29	4	1	6	7	4	8	14	2	5	22	9
2011207	952	699	4	1	3	2	1	5	6	3	6	9	4	1	8	2	11	7	6	5	14	9	23	4	3	10	1	5	8	18	9	9	5	2	7	8	1	9	15	3	6	9	24
2011208	807	439	5	2	4	3	4	6	1	4	7	9	5	2	9	3	4	8	1	6	15	10	24	5	4	3	2	6	9	19	10	1	6	3	8	9	2	10	16	4	7	9	16
2011209	083	992	6	3	2	1	1	7	2	5	8	9	6	3	10	4	1	9	2	7	16	9	25	6	5	1	3	7	10	20	11	9	7	4	2	10	3	11	17	5	8	1	20
2011210	020	540	0	4	1	2	4	5	3	6	9	1	7	4	11	5	2	5	3	8	17	1	26	7	6	2	4	8	11	21	12	1	0	5	1	11	4	12	18	6	9	2	9
2011211	468	779	1	5	2	3	1	1	4	7	10	9	8	5	12	6	3	1	4	7	18	2	27	8	7	3	1	9	12	7	13	2	1	6	2	12	5	13	19	7	10	9	23
2011212	672	862	2	6	2	4	2	2	6	1	8	1	9	6	13	7	4	2	5	1	8	3	28	9	8	4	2	10	6	1	14	3	2	7	2	13	6	14	20	8	11	1	16
2011213	252	109	0	1	1	5	3	3	1	2	1	9	10	1	14	8	5	3	6	2	1	4	0	10	9	5	3	11	1	2	15	4	3	8	1	14	7	15	21	9	12	9	10
2011214	901	911	1	1	2	6	4	4	2	3	2	9	11	1	15	9	6	4	7	3	2	9	1	1	10	6	4	12	2	3	16	5	4	1	2	15	8	16	22	10	13	1	11
2011215	927	457	2	1	3	7	4	5	3	7	3	1	12	2	16	10	4	5	8	4	3	1	2	1	11	7	5	5	3	4	17	6	5	1	3	16	9	17	23	7	14	2	16
2011216	376	969	3	2	4	8	1	1	6	1	4	9	13	3	17	11	1	6	9	5	4	9	3	2	12	8	6	1	6	5	18	7	6	2	4	17	10	18	24	1	15	9	24
2011217	587	618	4	1	5	9	2	2	6	2	8	1	14	4	18	12	2	7	6	6	5	1	4	1	13	9	7	2	1	6	19	8	7	3	5	18	11	19	25	2	8	1	15
2011218	289	648	5	1	6	10	4	3	6	3	8	2	15	5	19	13	3	8	6	7	6	2	5	1	14	10	4	3	2	7	20	9	8	4	6	19	12	20	26	3	8	2	18
2011219	797	485	6	2	7	11	4	5	1	4	8	3	16	6	20	14	4	9	1	8	7	3	6	2	15	11	1	4	3	8	8	10	9	5	7	20	13	5	27	4	1	3	17
2011220	863	999	7	3	8	12	1	1	2	5	1	9	17	7	21	15	1	10	2	9	8	9	7	3	16	12	2	5	4	9	1	9	10	6	8	21	14	1	28	5	2	9	27
2011221	982	069	0	4	9	13	2	2	6	6	2	9	0	8	22	16	2	11	3	10	9	1	8	4	17	13	3	6	6	10	2	1	11	7	9	22	15	2	29	6	3	9	15
2011222	463	713	1	1	10	3	3	3	1	7	3	1	1	9	23	17	3	12	4	7	10	2	9	1	18	14	4	7	1	11	3	2	12	8	10	3	16	3	30	7	4	1	11
2011223	389	345	2	1	11	3	4	5	2	1	4	2	2	10	24	3	4	13	5	1	11	3	10	1	19	15	4	8	2	12	4	3	13	9	11	1	17	5	31	8	5	2	12
2011224	174	610	0	1	12	1	1	1	6	2	5	3	3	11	25	1	5	14	6	2	12	4	11	1	20	16	1	9	3	13	5	4	0	10	12	2	18	1	32	9	6	3	7
2011225	375	863	1	1	13	3	2	2	6	3	8	4	4	12	26	2	6	15	1	3	8	5	12	1	21	17	2	10	6	14	6	5	1	11	13	3	19	2	33	10	7	4	17
2011226	297	242	2	2	2	1	4	3	1	4	1	5	5	13	2	3	7	16	2	4	1	6	13	2	22	18	4	11	1	15	7	6	2	12	2	1	20	3	34	11	8	5	8
2011227	795	084	0	3	1	2	4	4	2	5	8	6	0	14	1	4	8	17	3	5	2	7	14	3	23	19	1	12	2	16	8	7	3	13	1	2	4	4	35	12	9	6	12
2011228	697	820	0	4	2	3	1	5	3	6	8	7	1	15	2	5	9	18	4	6	8	8	15	4	2	20	2	13	3	17	1	8	0	14	2	3	1	5	36	13	10	7	10
2011229	887	176	1	1	1	4	2	6	6	7	1	8	2	1	3	6	10	19	5	7	1	9	16	5	1	21	3	14	4	7	2	9	1	15	3	4	2	6	6	14	11	8	14
2011230	213	936	2	1	2	3	3	7	6	1	2	9	3	1	4	7	11	20	6	8	2	9	17	6	2	3	4	15	5	1	3	10	2	16	4	5	3	7	6	15	12	9	18
2011231	465	827	3	2	2	1	4	8	1	7	8	1	4	2	5	8	12	21	7	9	8	1	18	7	2	1	5	16	6	2	4	11	3	17	5	6	4	8	1	7	13	10	17
2011232	911	452	4	3	2	2	4	5	2	1	1	2	5	3	6	9	4	22	8	10	1	2	19	8	1	2	6	5	7	3	5	12	4	18	2	7	5	9	2	1	14	11	11
2011233	614	002	0	4	2	3	1	1	3	2	2	3	0	4	7	10	1	23	9	11	2	3	0	9	2	3	7	1	8	4	6	13	5	19	2	8	6	10	3	2	15	12	2
2011234	839	211	1	1	2	4	2	2	4	3	3	4	1	5	2	11	2	24	10	12	3	4	1	1	3	4	8	2	9	5	7	14	6	1	1	9	7	11	4	3	16	13	4
2011235	262	056	0	1	1	5	3	5	6	4	4	5	0	6	1	12	3	25	11	13	4	5	2	1	4	5	9	5	10	6	8	15	7	1	2	10	8	12	6	4	17	14	11
2011236	690	634	1	2	2	3	4	1	6	5	5	6	1	7	2	13	4	26	6	14	5	6	3	2	5	3	10	1	11	7	9	16	8	2	3	11	4	13	1	5	18	15	13
2011237	432	662	2	3	2	1	1	2	6	6	6	7	2	8	3	14	5	27	6	15	6	7	4	3	6	1	11	2	6	8	10	17	9	3	2	12	1	14	2	6	19	16	14
2011238	480	301	0	1	1	3	2	3	1	7	7	8	3	9	4	3	6	28	1	16	7	8	0	4	7	2	12	3	1	9	11	18	10	1	1	13	2	15	3	7	20	17	4
2011239	470	787	1	1	2	1	3	4	2	7	8	9	4	10	5	1	7	29	2	7	8	9	1	5	8	3	13	4	2	10	8	19	11	1	2	14	3	16	4	7	21	18	22
2011240	320	975	2	2	3	2	4	5	3	7	1	9	5	11	6	2	8	30	3	1	9	9	2	6	9	4	14	5	3	7	1	20	12	2	3	15	4	5	5	1	22	19	21
2011241	918	868	3	3	4	3	5	1	6	1	8	1	6	12	7	3	9	31	4	2	8	1	3	7	10	5	15	6	6	1	2	21	13	3	4	16	5	1	6	2	8	20	22
2011242	036	697	4	4	5	4	6	2	6	7	1	9	7	13	8	4	10	32	6	3	1	2	4	8	11	6	16	7	1	2	3	9	14	4	5	17	6	2	7	7	1	21	22
2011243	276	866	5	5	6	5	7	3	6	1	8	1	8	14	9	5	11	33	1	4	8	3	5	9	12	7	17	8	6	3	4	1	15	5	6	18	7	3	6	1	2	22	20
2011244	831	716	6	1	7	6	8	4	6	7	1	2	9	15	10	6	12	34	2	7	1	4	6	1	13	8	18	9	1	4	5	2	16	6	7	19	8	4	6	2	3	23	14
2011245	223	080	0	1	8	7	9	5	1	1	8	3	0	16	11	7	13	35	3	1	2	5	7	1	14	9	19	10	2	5	8	3	0	7	8	20	9	5	1	3	4	24	8
2011246	012	650	0	2	9	8	10	5	6	2	1	4	1	17	12	8	14	36	6	2	3	6	8	2	15	10	20	5	3	6	1	4	0	8	9	21	10	6	2	4	5	25	11
2011247	243	684	1	3	10	9	4	1	6	3	8	5	2	18	13	9	15	37	6	3	4	7	9	3	16	11	21	1	4	7	8	5	1	9	10	22	4	7	3	5	6	26	18
2011248	024	370	0	4	11	3	1	2	1	7	1	6	3	19	14	3	16	38	1	4	5	8	10	4	17	12	22	2	5	7	1	6	0	10	11	23	1	8	4	6	7	27	10
2011249	664	358	1	5	12	3	2	5	2	1	8	7	4	20	15	3	17	39	2	5	6	9	11	5	18	13	23	5	6	1	2	7	1	11	12	24	2	9	5	7	8	28	16
2011250	350	770	0	6	13	1	3	1	3	7	1	8	5	21	16	1	18	40	3	7	7	10	12	6	19	14	24	1	7	7	3	8	0	12	13	25	3	10	6	8	1	29	14
2011251	006	251	1	1	2	2	4	5	4	1	2	9	6	22	2	2	19	41	4	1	8	11	13	7	20	15	25	5	8	1	4	9	1	1	14	26	4	11	7	9	2	30	8
2011252	671	808	0	1	1	3	5	1	5	2	8	10	7	23	1	3	20	42	5	2	8	12	0	8	21	16	26	1	9	2	5	10	2	1	15	27	5	12	8	10	8	31	16
2011253	912	560	0	2	2	4	6	5	6	3	1	11	8	24	2	4	21	5	6	3	1	13	1	9	22	17	27	2	6	3	6	11	0	2	16	28	6	13	9	11	1	32	11
2011254	413	497	1	3	3	5	4	1	1	7	2	9	9	25	3	5	4	1	7	4	2	14	2	10	23	18	28	3	1	4	7	9	1	3	17	29	7	14	10	7	2	33	20
2011255	926	068	0	4	4	6	1	2	6	1	8	1	0	26	4	6	1	2	8	5	3	15	3	11	24	19	29	4	6	5	8	1	2	4	18	30	8	15	11	1	8	34	14
2011256	606	214	1	1	2	7	4	3	1	2	1	2	1	27	2	7	2	3	9	6	4	16	4	1	25	20	30	5	1	6	9	2	3	5	19	31	4	16	12	2	1	35	7
2011257	897	818	2	1	1	8	1	4	2	3	8	3	2	28	1	8	3	4	10	7	8	17	5	1	26	21	31	6	2	7	10	3	4	6	20	32	1	17	13	3	8	36	17
2011258	769	442	3	1	2	9	4	5	3	4	1	4	3	29	2	9	4	5	11	8	1	18	6	1	27	22	4	7	3	8	11	4	5	7	2	33	2	18	14	4	1	37	10
2011259	268	365	4	2	1	3	1	5	6	5	2	5	4	30	3	3	1	6	12	9	2	19	7	2	28	23	1	8	6	9	12	5	6	8	1	34	3	5	15	5	2	38	14
2011260	634	628	5	3	2	1	2	1	6	6	8	6	5	31	4	1	2	7	6	10	3	20	8	3	2	24	2	9	1	10	13	6	7	9	2	35	4	1	16	6	8	39	16
2011261	590	189	6	1	1	2	3	2	1	7	8	9	6	1	5	2	3	8	1	11	4	21	9	4	1	25	3	10	2	11	8	7	8	10	3	36	5	2	17	7	1	9	18
2011262	811	525	7	1	2	3	4	5	2	8	1	1	7	1	6	3	4	5	2	12	5	22	10	5	2	26	4	11	3	12	1	8	9	11	4	37	6	5	18	8	2	1	12
2011263	548	928	8	2	2	4	5	1	3	9	8	9	8	2	7	4	5	1	3	13	6	9	11	6	2	27	5	12	4	13	2	9	10	12	5	38	7	1	19	9	8	2	19
2011264	802	499	9	3	1	5	4	2	4	10	1	9	9	3	8	5	4	2	4	14	7	1	12	7	1	28	6	13	5	14	3	9	11	13	6	39	8	2	20	10	1	9	22
2011265	371	080	0	4	2	6	1	3	5	11	8	1	0	4	9	6	1	3	5	15	8	2	13	8	2	29	7	14	6	15	8	1	0	14	7	40	9	3	21	11	2	1	8
2011266	194	248	1	5	2	7	4	4	6	12	8	2	1	5	2	7	2	4	6	16	9	3	14	9	3	30	4	15	7	16	1	2	1	15	8	41	10	4	22	12	8	2	14
2011267	998	501	0	1	1	8	1	5	7	13	1	3	2	6	1	8	3	5	7	17	10	4	0	10	4	31	1	16	8	17	2	3	2	1	9	42	11	5	23	13	1	3	6
2011268	596	599	1	1	2	9	2	5	8	14	2	9	3	7	2	9	4	5	8	18	11	5	1	11	5	32	2	17	9	18	3	9	3	1	10	43	12	6	24	14	2	9	23
2011269	795	399	2	2	3	3	3	1	9	15	3	9	4	8	3	3	5	1	9	19	12	6	2	12	6	33	3	18	10	19	4	9	4	2	11	44	13	7	25	15	3	9	21
2011270	195	139	3	1	4	3	4	2	10	16	4	9	5	1	4	1	6	2	10	20	13	7	3	13	7	3	4	19	11	20	5	1	5	3	12	45	14	8	26	16	4	9	13
2011271	152	355	4	1	5	3	5	5	11	17	5	1	6	1	5	3	7	3	11	21	14	8	4	14	8	1	5	5	12	21	6	2	6	4	13	46	15	5	27	17	5	1	13
2011272	906	643	5	2	6	3	4	1	6	18	6	2	7	2	6	1	8	4	6	22	15	9	5	15	9	2	4	1	13	22	7	3	7	5	14	3	16	1	28	18	6	2	13
2011273	001	416	6	1	7	1	4	2	6	19	7	3	8	3	7	2	4	5	1	23	16	10	6	1	10	3	1	2	14	23	8	4	8	6	15	1	17	2	6	19	7	3	11
2011274	715	342	7	1	2	3	4	3	1	20	8	4	9	4	8	3	1	6	2	24	17	11	7	1	11	4	4	3	15	24	9	5	9	7	2	2	18	3	1	20	8	4	9
2011275	647	360	0	2	1	3	1	4	6	21	9	5	10	5	9	3	2	7	3	25	18	12	8	2	12	5	1	4	6	25	10	6	0	8	1	3	19	4	2	21	9	5	9
2011276	279	509	0	3	2	1	2	5	1	22	10	9	11	6	10	1	3	5	4	26	19	13	0	3	13	6	2	5	1	26	11	7	1	9	2	4	20	5	3	22	10	9	14
2011277	170	265	1	4	2	2	3	5	6	23	11	1	12	7	2	2	4	1	5	27	20	14	1	4	14	7	3	6	6	27	12	8	2	10	3	5	21	5	4	23	11	1	13
2011278	249	087	0	5	1	3	4	1	1	7	8	2	0	8	1	3	5	2	6	28	21	15	2	5	15	8	4	7	1	28	8	9	3	11	4	6	22	1	5	7	12	2	15
2011279	684	241	1	1	2	4	4	2	2	1	1	3	1	9	2	4	6	3	7	29	22	16	3	6	16	9	4	8	2	29	1	10	4	1	5	7	23	2	6	1	13	3	7
2011280	042	567	2	1	1	5	1	5	6	7	2	4	2	10	1	5	7	5	8	30	23	17	4	7	17	10	1	9	6	30	2	11	5	1	6	8	24	3	7	7	14	4	18
2011281	011	481	3	1	2	6	4	1	1	1	8	5	3	11	2	6	4	1	9	31	24	18	5	8	18	11	2	10	1	31	8	12	6	1	7	9	25	4	8	1	15	5	13
2011282	970	753	4	1	3	3	1	5	2	7	1	6	4	12	3	7	1	2	10	7	25	19	6	9	19	12	3	5	2	32	1	13	7	1	8	3	26	5	9	2	16	6	15
2011283	997	436	5	2	4	3	4	1	6	1	2	7	5	13	4	8	4	3	11	1	26	20	7	10	20	3	4	1	3	33	2	14	8	2	9	1	27	6	6	3	17	7	13
2011284	954	902	0	3	2	1	1	2	1	2	3	9	6	14	5	9	1	4	12	2	27	9	0	11	21	1	5	2	4	34	3	15	9	3	2	2	28	7	1	4	18	8	11
2011285	183	632	1	4	2	3	2	3	6	3	4	1	7	15	6	10	2	5	6	3	28	1	1	12	22	3	6	3	5	35	4	16	10	4	2	3	29	8	2	5	19	9	11
2011286	841	531	2	1	1	3	3	5	1	4	5	2	8	16	7	11	3	5	1	4	29	2	2	13	23	3	7	4	6	36	5	17	11	1	1	4	30	9	3	6	20	10	9
2011287	571	429	3	1	2	1	4	1	2	5	6	9	9	17	8	12	4	1	2	5	30	3	3	14	2	1	8	5	7	37	6	18	12	1	2	5	31	10	4	7	21	9	15
2011288	424	422	4	2	2	2	4	2	3	6	7	1	10	18	9	13	4	2	3	6	31	4	4	15	2	2	9	6	8	38	7	19	13	2	2	6	32	11	5	8	22	1	8
2011289	940	455	5	3	1	3	4	5	4	7	8	2	11	19	10	14	4	3	4	7	32	5	5	16	1	3	10	5	9	39	8	20	14	3	1	7	33	5	6	9	23	2	14
2011290	209	240	0	4	2	4	4	1	5	8	9	3	12	20	2	15	1	4	5	8	33	6	6	17	2	4	4	1	10	40	9	21	0	4	2	8	34	1	7	10	24	3	6
2011291	916	310	0	1	1	3	1	2	6	9	10	4	13	21	1	3	2	5	6	9	34	7	7	1	3	5	1	2	11	41	10	22	0	5	3	9	35	2	8	11	25	4	4
2011292	277	961	1	1	2	1	2	3	6	10	11	9	14	22	2	1	3	6	7	10	35	9	8	1	4	6	2	3	6	42	11	23	1	1	4	10	36	3	9	12	26	5	16
2011293	163	098	0	1	3	2	3	4	1	11	8	9	0	23	3	2	4	7	8	11	36	1	9	2	5	7	3	4	1	43	12	9	2	1	5	11	37	4	10	13	8	6	17
2011294	151	717	1	1	4	3	4	5	2	7	1	1	1	24	4	3	5	8	9	7	37	2	10	1	6	8	4	5	2	44	13	1	3	2	6	12	38	5	11	7	1	7	15
2011295	740	624	2	1	2	4	4	6	6	1	2	2	2	25	5	4	6	9	6	1	38	3	11	1	2	9	5	6	3	45	14	2	4	3	7	13	4	6	12	1	2	8	12
2011296	017	766	3	2	1	5	1	7	6	7	3	3	3	26	6	5	7	10	1	7	39	4	12	2	1	10	6	7	6	46	15	3	5	4	8	14	1	7	6	2	3	9	19
2011297	861	042	0	3	2	6	4	8	1	1	4	4	0	27	7	6	8	11	2	1	40	5	13	3	2	11	4	8	1	47	16	4	6	5	2	15	2	8	1	3	4	10	6
2011298	682	872	1	4	2	7	1	9	2	7	8	5	1	28	8	7	9	12	3	2	8	6	14	4	3	12	1	9	2	7	17	5	7	6	2	16	3	9	2	4	5	11	17
2011299	726	567	2	5	1	8	2	5	6	7	1	6	2	29	9	8	10	5	4	3	1	7	15	5	4	13	2	10	6	1	18	6	8	7	1	17	4	10	3	7	6	12	18
2011300	291	838	3	6	2	3	3	1	1	1	8	7	3	30	10	9	11	1	5	4	8	8	16	6	5	3	3	11	1	2	19	7	9	8	2	18	5	11	4	1	8	13	19
2011301	058	947	4	7	3	1	4	2	2	7	1	9	4	31	11	10	12	2	6	5	1	9	17	7	6	1	4	12	2	3	20	8	10	9	3	19	6	12	5	7	1	14	20
2011302	930	171	5	1	4	2	1	3	3	7	2	1	5	1	12	11	13	3	7	6	2	1	18	8	7	2	1	13	3	7	21	9	11	1	4	20	7	13	6	1	2	15	9
2011303	595	385	6	1	5	3	2	5	4	1	8	2	6	1	13	3	14	4	8	7	3	2	19	9	8	3	2	14	4	1	8	10	12	1	5	21	8	5	7	2	3	16	16
2011304	719	350	0	2	6	3	3	5	5	2	1	3	7	2	14	3	15	5	9	8	4	3	20	10	9	4	3	5	5	2	1	11	0	2	6	22	9	1	8	3	4	17	8
2011305	869	010	0	1	7	1	4	1	6	3	2	4	0	3	15	1	16	6	10	9	5	4	21	1	10	5	4	1	6	3	2	12	0	3	7	23	10	2	9	4	5	18	1
2011306	028	754	1	1	8	2	4	5	7	7	3	5	1	4	16	2	17	7	11	7	6	5	22	1	11	6	5	5	7	4	3	13	1	4	8	24	4	3	10	5	6	19	16
2011307	804	261	2	1	2	3	1	1	6	1	4	6	2	5	2	3	18	8	12	1	7	6	23	2	12	7	6	1	6	5	4	14	2	1	9	25	1	4	11	6	7	20	9
2011308	214	433	3	1	1	3	4	2	1	2	5	7	3	6	1	4	4	9	13	2	8	7	24	3	13	3	7	2	1	6	5	15	3	1	10	3	2	5	12	7	8	21	10
2011309	637	268	4	2	2	1	1	3	6	3	8	8	4	7	2	5	1	10	14	3	9	8	25	4	14	1	8	3	6	7	6	16	4	2	11	1	3	6	13	8	8	22	16
2011310	641	469	5	3	1	2	4	4	6	4	1	9	5	8	1	6	4	11	15	4	10	9	26	5	15	2	9	4	6	8	7	17	5	3	12	2	4	7	14	9	1	9	19
2011311	709	539	6	4	2	3	1	5	1	5	2	9	6	9	2	7	1	5	16	5	11	10	27	6	16	3	10	5	1	9	8	18	6	4	13	3	5	8	15	10	2	9	17
2011312	482	068	0	5	3	1	2	1	6	6	8	1	0	10	3	8	2	1	17	6	12	11	28	7	17	1	11	6	6	10	9	19	7	5	14	4	6	9	16	11	8	1	14
2011313	480	180	0	1	4	2	3	2	1	7	8	2	1	1	4	9	3	2	18	7	13	12	29	8	18	2	12	7	1	11	8	20	0	6	15	5	7	10	17	12	1	2	9
2011314	884	708	0	1	5	3	4	3	2	7	8	3	2	1	5	10	4	3	19	7	14	13	0	9	19	3	13	8	2	12	1	21	1	7	16	6	8	11	18	13	8	3	15
2011315	338	330	0	2	6	3	5	4	3	1	1	4	3	2	6	3	5	4	20	1	15	14	1	10	20	3	14	9	3	13	2	22	0	8	17	7	9	12	19	14	1	4	6
2011316	374	933	1	3	7	3	6	5	4	2	2	9	4	3	7	1	6	5	21	2	16	9	2	11	21	3	15	10	4	14	3	23	1	9	18	3	10	13	20	15	2	5	15
2011317	457	134	2	1	8	3	4	6	5	3	3	1	5	1	8	2	7	6	22	3	17	1	3	12	22	3	16	11	5	15	4	24	2	10	19	1	4	14	21	16	3	6	8
2011318	952	116	3	1	9	1	1	7	6	4	4	2	6	1	9	3	8	7	23	4	18	2	4	1	23	1	17	12	6	16	5	25	3	11	20	2	1	15	6	17	4	7	8
2011319	216	443	4	1	10	3	4	8	1	5	5	3	7	1	10	4	4	8	24	5	19	3	5	1	24	2	4	13	7	17	6	26	4	12	21	3	2	16	1	18	5	8	11
2011320	887	442	5	2	2	1	4	9	2	6	6	4	8	2	11	5	4	9	25	6	20	4	6	2	25	3	4	14	8	18	7	27	5	13	2	1	3	17	2	19	6	9	10
2011321	210	944	6	3	1	2	4	10	3	7	7	9	9	3	12	6	1	10	26	7	21	9	7	3	26	4	4	15	9	19	8	28	6	14	1	2	4	18	3	20	7	10	17
2011322	881	220	0	4	2	3	1	11	4	8	8	1	10	4	2	7	2	11	27	8	22	1	8	4	2	5	1	16	10	20	9	29	0	15	2	3	1	19	4	21	8	11	4
2011323	956	724	1	5	2	4	4	12	5	7	9	2	11	5	1	8	3	12	28	7	23	2	9	5	2	6	2	17	11	21	10	30	1	16	3	4	4	20	5	22	9	12	13
2011324	011	436	2	6	1	3	4	13	6	1	10	3	12	6	2	9	4	13	29	1	24	3	10	6	1	3	3	18	12	22	11	31	2	17	4	5	1	21	6	23	10	13	13
2011325	398	385	3	7	2	3	1	5	1	2	8	4	13	7	3	3	1	14	30	2	25	4	11	7	2	1	4	19	13	23	8	32	3	18	5	6	2	5	1	24	11	14	16
2011326	355	381	4	1	3	3	2	1	2	3	8	5	14	8	4	3	2	15	31	3	26	5	12	8	3	2	5	20	14	24	8	33	4	1	6	7	3	1	2	25	12	15	12
2011327	526	791	5	1	4	1	3	2	3	7	1	9	15	9	5	1	3	16	32	7	27	6	13	9	4	3	6	21	15	25	1	9	5	1	7	8	4	2	3	26	13	16	17
2011328	628	619	6	1	5	2	4	3	6	1	2	9	16	10	6	2	4	17	6	1	28	7	14	1	5	4	7	22	16	26	2	1	6	1	8	9	5	3	4	27	14	9	16
2011329	914	838	7	1	6	3	5	4	1	2	8	1	17	11	7	3	5	18	1	2	8	8	15	1	6	3	8	23	17	27	3	2	7	2	9	10	6	4	5	28	8	1	19
2011330	476	890	0	2	7	1	6	5	2	3	8	9	18	12	8	4	6	19	2	3	8	9	16	2	7	1	9	24	18	28	4	9	0	3	10	11	7	5	6	29	1	2	17
2011331	678	934	1	3	8	3	4	6	3	4	1	9	19	13	9	5	7	20	3	4	1	9	17	3	8	3	10	25	19	29	5	1	1	4	11	12	4	6	7	30	2	3	16
2011332	901	805	0	4	9	1	1	5	4	5	8	1	20	14	10	6	8	21	4	5	8	1	0	4	9	1	11	26	20	30	6	2	2	5	12	13	1	5	8	31	3	4	13
2011333	216	246	1	5	2	2	4	1	6	6	1	2	21	15	2	7	9	22	5	6	1	2	1	5	10	2	4	27	21	31	7	3	3	6	13	14	2	1	6	32	4	5	12
2011334	134	783	2	6	1	3	1	2	1	7	8	3	22	16	1	8	10	23	6	7	2	3	2	6	11	3	1	28	22	32	8	4	4	7	14	3	3	2	1	33	5	6	18
2011335	615	762	3	7	2	1	2	3	6	7	1	4	23	17	2	9	11	24	7	7	3	4	3	7	12	4	2	29	6	33	1	5	5	8	2	1	4	3	2	34	6	7	15
2011336	338	541	4	1	1	2	4	5	1	1	2	5	24	18	3	10	12	5	8	1	4	5	4	8	13	5	4	30	1	34	2	6	6	1	1	2	5	4	3	35	7	8	10
2011337	915	724	5	1	2	3	4	1	2	7	3	6	25	19	4	11	13	1	9	7	5	6	5	9	2	6	1	31	2	35	3	7	7	1	2	3	4	5	4	36	8	9	13
2011338	361	808	0	2	1	4	1	2	3	1	8	7	26	20	5	12	14	2	10	1	8	7	0	10	1	7	2	32	3	36	4	8	8	2	3	4	1	6	5	37	8	10	16
2011339	877	613	1	1	2	3	2	3	6	2	1	8	27	21	6	13	15	3	6	2	1	8	1	1	2	8	3	33	4	37	5	9	9	3	4	3	2	7	6	38	1	11	10
2011340	090	045	0	1	3	1	4	5	1	3	2	9	0	22	7	14	16	4	1	3	2	9	2	1	3	9	4	34	5	38	6	10	10	4	5	1	3	5	7	39	2	12	9
2011341	282	961	1	1	4	2	1	1	6	4	3	9	1	23	8	15	17	5	2	4	3	9	3	2	4	10	1	35	6	39	7	11	11	1	6	2	4	1	8	40	3	13	16
2011342	056	333	2	1	5	3	2	2	1	5	4	1	2	24	9	3	18	6	3	5	4	1	4	3	5	3	2	36	1	40	8	12	12	1	7	3	5	2	9	41	4	14	9
2011343	176	920	0	2	2	1	3	3	2	6	5	9	3	25	10	1	19	7	4	6	5	9	5	4	2	1	3	37	2	41	9	13	0	2	8	1	6	3	10	42	5	15	11
2011344	140	908	0	3	1	2	4	4	3	7	8	9	4	26	11	2	20	8	5	7	6	9	0	5	1	2	4	38	3	42	10	14	1	3	9	2	7	4	11	43	8	16	17
2011345	248	580	0	4	2	3	5	5	4	8	8	1	5	27	12	3	21	5	6	8	7	1	1	6	2	3	5	39	4	43	8	15	0	4	10	3	8	5	12	44	1	17	13
2011346	074	993	1	5	3	3	6	1	5	9	1	9	6	28	13	4	22	1	7	9	8	9	2	7	3	4	6	40	5	44	1	9	1	5	11	3	9	6	13	45	2	18	21
2011347	681	533	2	6	4	3	7	5	6	10	2	1	7	29	14	5	23	5	8	10	9	1	3	8	4	3	7	41	6	45	2	1	2	6	12	3	10	7	14	46	3	19	11
2011348	724	772	3	7	2	1	8	1	7	7	3	2	8	30	15	6	24	1	9	7	10	2	4	9	5	1	8	42	7	7	3	2	3	7	2	1	11	8	15	47	4	20	16
2011349	522	781	4	1	1	2	9	2	8	7	8	3	9	31	16	7	25	2	10	7	11	3	5	10	6	2	9	43	8	1	8	3	4	1	1	2	12	9	16	48	5	21	16
2011350	806	368	5	1	2	3	10	3	6	1	8	4	10	32	17	3	26	3	11	1	12	4	6	11	7	3	10	44	6	2	1	4	5	1	2	3	13	10	17	49	8	22	17
2011351	868	145	6	1	3	1	4	5	1	2	1	5	11	1	18	1	27	4	12	2	13	5	7	12	8	4	4	45	1	3	2	5	6	2	3	4	14	5	18	50	1	23	10
2011352	647	589	7	1	4	2	1	5	2	3	8	9	12	1	19	2	28	5	13	3	14	6	8	13	9	5	1	46	2	4	8	6	7	3	4	5	15	1	19	51	2	9	22
2011353	845	012	0	1	2	3	2	1	3	4	1	1	0	2	20	3	29	1	14	4	15	7	9	1	10	6	2	47	3	5	1	7	8	4	2	6	16	2	20	52	3	1	3
2011354	266	489	1	1	1	4	4	2	4	5	8	9	1	3	21	4	4	2	15	5	16	8	10	1	11	7	3	48	4	6	8	8	9	5	1	7	17	3	21	53	4	9	21
2011355	362	488	2	2	2	5	4	3	5	6	8	1	2	4	22	5	4	3	16	6	17	9	11	2	12	8	4	49	5	7	8	9	10	6	2	8	18	4	22	54	8	1	20
2011356	824	917	3	1	3	6	1	4	6	7	1	9	3	5	23	6	1	4	17	7	18	9	12	1	13	9	5	50	6	8	1	10	11	7	3	9	19	5	23	7	1	2	17
2011357	232	193	4	1	4	3	2	5	7	1	2	9	4	1	24	7	2	5	18	8	19	1	13	1	14	10	6	51	7	9	2	9	12	8	4	3	20	6	24	1	2	3	13
2011358	495	254	5	1	2	1	4	5	8	2	3	1	5	1	2	8	3	6	19	9	20	2	14	2	15	11	7	5	8	10	3	1	13	9	5	1	4	7	25	2	