2013001	174	203	0	3	2	3	2	2	4	6	7	1	9	3	2	1	25	2	5	6	7	14	0	33	7	5	4	2	11	6	29	3	24	12	14	3	2	9	4	22	40	1	5
2013002	701	670	0	4	1	1	3	3	6	7	8	2	10	4	1	2	26	3	6	7	8	15	1	34	8	6	5	3	12	7	30	4	0	13	15	1	3	10	5	23	41	2	13
2013003	133	166	1	1	2	2	4	4	6	1	9	3	11	1	2	3	27	4	1	8	9	16	2	35	9	7	6	4	6	1	31	5	1	14	16	2	4	11	6	24	42	3	13
2013004	075	760	0	1	3	3	5	5	6	7	10	4	12	1	3	4	28	5	2	7	10	17	3	36	10	8	7	5	6	2	32	6	0	15	17	3	5	12	1	25	43	4	13
2013005	269	622	1	2	2	4	6	6	6	1	11	5	13	2	4	5	29	6	6	1	11	18	4	37	2	9	8	6	1	3	33	7	1	16	2	4	6	13	2	26	44	5	10
2013006	911	457	2	3	1	5	4	5	1	7	12	6	14	3	5	6	4	7	1	2	12	19	5	38	1	10	9	5	2	4	34	8	2	17	1	5	7	14	3	7	45	6	16
2013007	669	147	3	1	2	6	4	1	2	7	13	7	15	1	6	7	1	8	2	3	13	20	6	39	2	11	4	1	3	5	35	9	3	18	2	6	8	15	4	7	46	7	12
2013008	264	556	4	1	3	7	1	5	6	1	14	8	16	1	7	8	2	5	3	4	14	21	7	40	3	12	1	5	4	6	36	10	4	19	3	7	9	16	6	1	47	8	16
2013009	088	921	5	1	2	8	2	1	1	2	15	9	17	2	8	9	3	1	4	5	15	9	8	41	2	13	2	1	5	7	37	11	5	1	4	8	10	17	1	2	48	9	12
2013010	180	632	6	1	2	3	3	2	6	3	16	1	18	3	9	10	4	2	6	6	16	1	9	42	1	3	3	2	6	8	38	12	6	1	2	9	11	18	2	3	49	10	11
2013011	647	209	0	2	2	1	4	3	1	4	17	9	19	4	2	11	5	3	1	7	17	2	0	43	2	1	4	3	7	9	39	13	7	2	1	10	12	19	3	4	50	9	11
2013012	762	688	1	3	1	2	5	4	6	5	8	1	20	5	1	12	6	4	6	8	18	3	1	44	3	2	5	4	8	10	8	14	8	3	2	11	13	20	4	5	8	1	22
2013013	192	922	2	4	2	3	6	5	1	6	1	9	21	6	2	13	7	5	1	9	19	9	2	45	2	3	6	5	9	11	1	15	9	4	2	12	14	21	5	6	1	2	13
2013014	622	417	3	1	1	4	4	6	2	7	2	1	22	7	3	14	4	6	2	10	20	1	3	1	1	4	7	6	10	12	2	16	10	5	1	13	15	22	6	7	2	3	12
2013015	431	228	4	1	2	5	1	7	3	1	8	2	23	8	2	15	1	7	3	11	21	2	4	1	2	5	8	7	11	13	3	17	11	6	2	14	16	23	7	1	8	4	12
2013016	739	038	0	2	1	3	2	8	4	2	8	3	0	9	1	16	2	8	4	12	22	3	5	2	1	3	9	8	12	14	4	18	12	7	3	15	17	24	8	2	8	5	11
2013017	718	380	0	3	2	3	3	9	5	3	8	4	1	10	2	3	3	9	5	13	23	4	6	3	2	1	10	9	13	15	8	19	0	8	4	16	18	25	9	3	1	6	11
2013018	934	347	1	4	3	3	4	10	6	7	1	5	2	11	3	3	4	10	6	14	24	5	7	4	3	2	4	10	14	16	1	20	1	9	5	17	19	26	10	7	2	7	14
2013019	248	866	2	5	4	1	1	11	6	1	8	6	3	12	4	1	5	11	7	15	8	6	8	5	4	3	1	11	6	17	2	21	2	10	6	18	20	27	6	1	3	8	20
2013020	275	929	3	6	2	2	2	12	1	2	1	9	4	13	5	2	6	12	8	16	1	9	9	6	2	4	2	12	1	18	3	22	3	11	7	19	21	28	1	2	4	9	20
2013021	059	918	4	1	1	3	3	13	2	3	8	9	5	14	6	3	7	13	9	17	2	9	10	1	1	5	3	13	2	19	4	23	4	12	8	20	22	29	2	3	8	1	18
2013022	467	250	0	1	2	4	4	5	3	4	1	1	6	15	2	4	8	14	10	18	3	1	11	1	2	6	4	5	3	20	5	24	0	13	9	21	23	30	3	4	1	2	7
2013023	433	807	0	2	1	5	5	1	4	7	8	2	7	16	1	5	9	15	11	19	8	2	0	2	3	7	5	1	4	21	6	25	1	14	10	22	24	31	4	7	2	3	15
2013024	428	268	1	3	2	6	6	2	6	1	8	3	8	17	2	6	10	16	12	20	1	3	1	3	4	8	6	2	6	22	7	26	2	15	11	23	25	32	5	1	8	4	16
2013025	622	540	0	4	1	7	4	5	1	2	1	4	9	18	1	7	11	5	13	21	2	4	2	4	5	9	4	3	1	23	8	27	0	16	12	24	26	33	6	2	1	5	9
2013026	119	857	1	5	2	8	1	5	2	7	8	5	10	19	2	8	12	1	14	22	8	5	3	5	6	10	1	5	2	24	9	28	1	17	13	25	27	34	7	7	2	6	20
2013027	531	308	0	6	3	3	2	1	3	1	8	6	11	20	3	3	13	2	15	23	1	6	0	6	7	11	2	1	3	25	10	29	2	18	14	26	28	35	8	1	8	7	11
2013028	958	113	1	1	4	3	3	2	4	2	1	7	12	1	4	1	14	3	16	24	2	7	1	1	8	12	3	2	4	26	11	30	3	19	15	3	29	36	9	2	1	8	5
2013029	707	149	2	1	5	1	4	3	5	3	2	9	13	1	5	2	15	4	17	25	3	8	2	1	9	13	4	3	5	27	12	31	4	20	16	1	30	37	10	3	2	9	14
2013030	339	732	3	1	2	3	1	4	6	7	3	1	14	1	6	3	16	5	18	7	4	9	3	2	10	3	1	4	6	28	13	32	5	21	2	2	31	38	11	4	3	1	12
2013031	704	762	4	2	2	1	2	5	6	7	4	2	15	2	7	4	17	6	19	7	5	10	4	3	11	1	2	5	6	29	14	33	6	22	2	3	32	39	12	5	4	2	15
2013032	018	849	5	3	1	2	4	6	1	1	8	9	16	3	8	5	18	7	20	1	8	11	5	4	12	2	4	6	1	30	15	34	7	23	1	4	33	40	13	6	5	9	21
2013033	796	277	6	4	2	3	1	7	2	7	1	1	17	4	2	6	19	8	21	2	1	12	6	5	13	3	1	7	2	7	16	35	8	24	2	5	34	41	14	7	6	1	16
2013034	370	330	0	5	1	3	2	8	3	1	2	2	18	5	1	3	20	9	22	3	2	13	7	6	14	3	2	8	3	1	17	36	0	25	3	6	35	42	15	1	7	2	6
2013035	450	632	1	6	2	3	3	9	6	2	3	3	19	6	2	1	21	10	6	4	3	14	8	7	15	3	3	9	4	2	18	37	1	26	2	7	36	43	16	2	8	3	11
2013036	491	658	2	7	1	1	4	5	6	3	8	4	20	7	3	2	22	11	6	5	4	15	9	8	16	1	4	5	5	3	19	38	2	27	1	8	37	44	17	3	8	4	19
2013037	276	364	3	8	2	3	4	1	6	4	1	5	21	8	4	3	23	12	1	6	5	16	10	9	17	2	5	1	6	4	20	39	3	28	2	9	4	45	18	4	1	5	13
2013038	104	640	0	9	3	1	4	2	6	5	2	6	22	9	5	1	24	13	6	7	6	17	11	10	18	3	4	2	1	5	21	40	0	29	3	10	1	46	19	5	2	6	10
2013039	485	639	1	10	4	3	1	3	6	6	3	9	23	10	6	2	25	14	6	8	7	18	12	11	19	3	1	3	2	6	22	41	1	30	4	11	2	47	20	6	3	9	18
2013040	201	549	2	11	5	1	4	5	1	7	4	9	24	11	7	3	26	5	1	9	8	19	13	12	20	1	4	4	3	7	23	42	2	31	5	12	3	48	21	7	4	9	18
2013041	590	851	3	1	6	2	1	5	2	8	8	1	25	12	8	4	27	1	2	10	8	20	14	13	21	2	1	5	4	8	24	43	3	1	6	13	4	49	22	8	5	1	14
2013042	149	496	4	1	7	3	4	1	6	9	1	9	26	13	9	5	4	2	3	11	1	21	15	14	22	3	2	1	5	9	25	9	4	1	7	14	5	50	6	9	6	2	19
2013043	009	536	5	2	8	3	1	5	6	10	2	1	27	14	10	6	1	5	4	12	2	22	16	15	23	3	3	2	6	10	26	1	5	2	8	15	6	51	6	10	7	3	14
2013044	110	318	6	1	9	3	2	1	1	11	8	2	28	15	11	3	2	1	5	13	3	23	17	1	24	1	4	3	7	11	27	2	6	3	9	16	7	52	1	11	8	4	12
2013045	780	039	0	1	10	3	3	2	2	12	1	9	0	16	12	1	3	2	6	14	4	24	18	1	25	3	5	4	8	12	28	3	7	4	10	17	8	53	2	12	1	9	12
2013046	955	966	1	2	11	1	4	3	6	13	2	9	1	17	13	2	4	3	7	15	5	9	19	2	26	1	6	5	6	13	29	4	8	5	11	18	9	54	6	13	2	1	21
2013047	020	784	2	3	12	2	4	4	1	7	8	1	2	18	14	3	5	4	8	7	6	1	20	3	27	2	7	6	1	14	8	5	9	6	12	19	4	55	1	14	3	2	19
2013048	734	290	0	4	2	3	1	5	2	1	1	9	3	19	2	4	6	5	9	1	7	2	21	4	28	3	8	7	2	15	1	9	0	7	13	20	1	56	2	15	4	3	11
2013049	193	636	1	5	1	3	2	6	6	2	2	1	4	20	1	5	7	6	6	2	8	3	22	5	29	3	9	8	3	16	2	1	1	8	14	21	2	57	6	16	5	4	15
2013050	117	556	2	6	2	1	3	5	6	3	3	2	5	21	2	6	8	5	1	3	9	4	23	6	30	1	10	5	4	17	3	2	2	9	15	22	3	58	6	17	6	5	16
2013051	766	676	3	7	3	2	4	1	6	7	4	3	6	22	3	7	9	1	6	4	10	5	24	7	31	2	11	1	5	7	4	3	3	10	16	23	4	59	6	18	7	6	19
2013052	712	556	4	8	4	3	5	5	6	1	5	4	7	23	4	8	10	5	1	5	11	6	25	8	32	3	12	5	6	1	5	4	4	11	17	24	5	60	6	19	8	7	16
2013053	259	564	5	9	5	4	4	5	6	2	6	5	8	24	5	9	11	5	2	6	12	7	26	9	33	4	13	1	6	2	6	5	5	12	18	25	4	61	1	20	9	8	15
2013054	525	497	6	10	6	5	4	1	1	7	7	9	9	25	6	10	4	1	3	7	13	8	27	10	34	5	14	2	1	3	7	9	6	13	19	26	1	62	2	7	10	9	20
2013055	482	456	7	11	7	6	4	5	6	1	8	1	10	26	7	11	4	2	4	8	14	9	28	11	35	6	15	5	2	4	8	1	7	14	20	27	2	63	6	1	11	10	15
2013056	743	139	8	1	8	3	1	1	1	2	9	9	11	1	8	12	1	3	5	9	15	10	29	12	36	3	16	1	3	5	9	2	8	15	21	28	3	64	1	2	12	9	13
2013057	291	243	9	1	2	3	4	2	2	3	10	1	12	1	2	13	2	4	6	10	16	11	30	13	37	1	4	2	4	6	10	3	9	16	22	3	4	65	2	3	13	1	9
2013058	047	082	0	2	2	1	1	3	3	4	8	2	0	2	1	14	3	5	7	11	17	12	31	14	38	2	1	3	5	7	8	4	10	17	2	1	5	66	3	4	14	2	10
2013059	291	251	1	1	2	2	2	5	4	5	1	3	1	3	2	15	4	6	8	12	18	13	32	15	39	3	2	5	6	8	1	5	11	1	1	2	6	67	4	5	15	3	8
2013060	743	549	2	1	1	3	4	5	5	6	2	9	2	4	1	16	5	5	9	13	19	14	33	16	40	4	4	1	7	9	2	6	12	1	2	3	7	68	5	6	16	9	18
2013061	069	675	3	2	2	4	1	5	6	7	3	1	3	5	2	17	6	1	6	14	20	15	34	17	41	5	1	2	8	7	3	7	13	2	3	4	8	5	6	7	17	1	18
2013062	252	669	4	3	3	5	2	1	6	1	4	9	4	6	3	18	7	2	6	15	21	16	35	18	42	6	2	3	6	1	4	8	14	3	4	5	9	1	7	8	18	9	21
2013063	603	641	5	1	4	6	4	2	6	2	5	1	5	7	4	19	8	3	6	16	22	17	36	19	43	7	4	4	1	2	5	9	15	1	5	6	10	2	8	9	19	1	11
2013064	476	176	6	1	5	7	1	3	6	7	6	2	6	1	5	20	9	4	1	17	23	18	37	20	44	8	1	5	2	7	6	10	16	1	6	7	11	3	6	10	20	2	14
2013065	222	328	7	1	2	3	2	4	1	1	8	3	7	1	6	3	10	5	2	18	24	19	38	21	2	9	2	6	3	1	7	11	17	2	7	8	12	4	1	11	8	3	13
2013066	353	041	0	1	1	1	4	5	2	2	1	4	0	2	7	1	11	6	3	19	25	20	39	22	1	10	4	7	4	2	8	12	18	1	8	9	13	5	2	12	1	4	5
2013067	465	832	1	1	2	3	1	6	3	3	8	5	1	3	8	2	12	7	4	20	8	21	40	23	2	3	1	8	5	3	9	13	19	1	2	10	14	6	3	13	2	5	13
2013068	395	770	0	2	1	1	2	7	4	7	1	6	2	4	9	3	13	8	5	7	1	22	41	24	3	1	2	9	6	7	10	14	0	2	1	11	15	7	4	14	3	6	14
2013069	536	115	1	1	2	2	3	5	5	1	2	7	3	1	10	4	14	9	6	1	2	23	42	1	4	2	3	10	7	1	11	15	1	3	2	12	16	5	5	15	4	7	7
2013070	930	235	2	1	2	3	4	5	6	2	3	8	4	1	2	5	15	10	7	2	3	24	43	1	5	3	4	11	8	2	12	16	2	4	3	13	17	5	6	16	5	8	10
2013071	682	360	0	2	1	3	5	1	6	3	4	9	5	2	1	3	16	11	8	3	4	25	44	2	6	1	5	12	6	3	13	17	0	5	4	14	18	1	7	17	6	9	9
2013072	565	831	1	1	2	3	6	2	1	4	8	10	6	3	2	1	17	12	9	4	8	26	45	3	7	3	6	13	1	4	14	18	1	1	5	15	19	2	8	18	7	10	12
2013073	038	222	2	1	2	1	7	3	2	5	1	11	7	4	2	2	18	13	10	5	1	27	46	4	2	1	7	14	2	5	15	19	2	1	2	16	20	3	9	19	8	11	6
2013074	072	288	3	2	2	2	8	4	3	6	8	12	8	5	2	3	19	14	11	6	2	28	47	5	1	2	8	15	3	6	8	20	3	2	1	17	21	4	10	20	8	12	18
2013075	555	617	4	1	1	3	9	5	6	7	1	13	9	6	1	4	20	15	6	7	3	29	48	1	2	3	9	16	4	7	1	21	4	3	2	18	22	5	11	7	1	13	14
2013076	169	174	5	1	2	4	4	6	1	7	2	14	10	1	2	5	21	16	1	8	4	30	49	1	3	4	10	17	5	7	2	22	5	4	3	19	4	6	12	1	2	14	12
2013077	889	184	6	1	3	5	4	7	2	1	8	15	11	1	3	6	22	17	2	9	5	31	50	2	4	5	11	18	6	1	8	23	6	5	4	20	4	7	13	2	3	15	13
2013078	134	032	0	1	2	3	1	8	3	2	1	16	0	1	4	7	23	18	3	10	6	32	51	3	5	3	12	19	7	2	1	24	7	6	2	21	1	8	14	3	4	16	5
2013079	424	780	0	2	1	1	2	9	4	7	8	17	1	2	5	8	24	19	4	7	7	33	52	4	6	1	13	20	8	3	8	25	0	7	1	22	2	9	15	4	5	17	15
2013080	788	466	1	3	2	2	4	10	6	1	1	18	2	3	6	9	4	20	5	1	8	34	53	5	7	2	14	21	6	4	1	26	1	8	2	23	3	10	6	5	6	18	16
2013081	372	857	2	4	3	3	1	5	1	7	8	19	3	4	7	10	1	21	6	2	8	35	54	6	8	3	15	5	1	5	2	27	2	9	3	24	4	11	1	7	7	19	20
2013082	419	249	3	5	2	4	4	1	2	1	1	9	4	5	2	11	2	22	7	3	1	36	55	7	9	4	4	1	2	6	3	28	3	10	4	25	5	12	2	1	8	9	15
2013083	537	602	0	6	2	5	1	2	6	2	2	1	5	6	1	12	3	23	6	4	2	37	0	8	10	5	1	2	3	7	4	29	4	11	2	26	6	13	3	2	9	1	8
2013084	555	721	1	1	2	6	2	3	1	7	3	2	6	7	2	13	4	24	1	7	3	38	1	9	2	6	2	3	4	8	5	30	5	1	1	27	7	14	4	3	10	2	10
2013085	700	693	2	1	1	3	3	4	6	1	4	9	7	8	3	14	5	25	6	1	4	39	2	10	1	7	3	4	5	9	6	9	6	1	2	3	8	15	5	4	11	3	18
2013086	707	895	3	2	2	1	4	5	1	2	8	9	8	9	4	15	6	26	1	2	8	40	3	11	2	8	4	5	6	10	7	9	7	2	3	1	9	5	6	5	12	4	22
2013087	804	034	0	3	3	3	4	1	2	3	1	1	0	10	5	16	7	27	2	3	1	41	4	12	3	3	5	6	7	11	8	1	8	3	4	2	4	1	7	6	13	5	7
2013088	693	381	1	1	4	3	1	2	3	4	8	2	1	11	6	3	8	28	3	4	2	42	5	13	4	1	6	7	8	12	8	2	9	1	5	3	1	2	8	7	14	6	12
2013089	405	912	2	1	2	1	2	3	4	5	1	9	2	12	7	1	9	29	4	5	3	9	6	1	5	2	7	8	9	13	1	3	10	1	2	4	2	3	9	8	15	7	12
2013090	262	955	3	1	1	2	3	5	5	6	2	9	3	13	8	2	10	30	5	6	4	9	7	1	6	3	8	5	10	14	2	4	11	2	1	5	3	5	10	9	16	8	19
2013091	668	137	4	1	2	3	4	1	6	7	3	1	4	1	9	3	11	31	6	7	5	1	8	2	7	3	9	1	11	15	3	5	12	3	2	6	4	1	11	7	17	9	11
2013092	585	632	5	1	2	3	5	2	6	1	4	2	5	1	10	4	12	32	6	8	6	2	9	3	8	3	10	2	12	16	4	6	13	4	2	7	5	2	12	1	18	10	11
2013093	158	737	6	2	1	3	6	3	1	7	5	3	6	2	11	5	13	33	1	7	7	3	10	4	9	3	11	3	13	17	5	7	14	5	1	8	6	3	13	7	19	11	17
2013094	423	028	0	3	2	1	7	4	2	1	8	4	0	3	12	6	14	34	2	1	8	4	11	5	2	1	12	4	14	18	6	8	15	6	2	9	7	4	14	1	8	12	10
2013095	125	215	1	1	2	2	8	5	3	2	1	5	1	4	2	7	15	35	3	2	9	5	12	1	1	2	13	5	15	19	7	9	16	7	3	10	8	5	15	2	1	13	8
2013096	281	039	0	1	1	3	9	1	4	3	2	9	0	5	1	8	16	36	4	3	10	6	13	1	2	3	14	6	16	20	8	10	17	8	4	11	9	1	16	3	2	9	12
2013097	420	792	1	2	2	1	10	2	5	7	3	9	1	6	2	9	17	37	5	7	11	7	14	2	3	1	15	7	17	21	9	9	18	9	2	12	10	2	17	4	3	1	18
2013098	730	759	2	3	1	2	11	5	6	7	4	9	2	7	3	10	18	38	6	7	12	8	15	3	4	2	16	5	18	22	10	1	19	10	1	13	11	3	18	5	4	9	21
2013099	849	450	0	4	2	3	4	5	7	1	5	1	3	8	4	11	4	39	7	1	13	9	16	4	5	3	17	5	19	23	11	2	0	11	2	14	12	4	19	6	5	1	9
2013100	446	338	1	5	3	3	1	1	8	2	8	2	4	9	5	3	1	40	8	2	14	10	17	5	6	3	18	1	20	24	12	3	1	12	3	15	13	5	20	7	8	2	14
2013101	634	921	2	1	2	1	2	2	9	3	1	9	5	10	6	1	2	41	9	3	15	9	18	6	2	1	19	2	21	25	13	4	2	1	4	16	14	6	21	8	1	3	12
2013102	066	536	3	1	1	3	3	5	6	4	2	1	6	11	7	2	3	5	10	4	16	1	19	7	1	3	20	3	22	26	14	5	3	1	5	17	15	7	6	9	2	4	14
2013103	262	203	0	2	2	3	4	1	1	5	3	2	7	12	2	3	4	1	11	5	17	2	0	8	2	1	21	4	23	27	15	6	4	2	6	3	16	8	1	10	3	5	5
2013104	924	014	0	1	1	1	4	2	2	6	4	3	0	13	1	4	5	2	12	6	18	3	1	1	3	2	22	5	24	28	16	7	5	3	7	1	4	9	2	11	4	6	5
2013105	930	484	1	1	2	2	4	3	3	7	8	4	1	14	2	5	4	3	13	7	19	4	2	1	4	3	23	6	25	29	8	8	6	4	8	2	4	10	3	12	5	7	16
2013106	494	492	2	2	2	3	4	4	4	8	1	9	2	15	3	6	4	4	14	8	20	5	3	2	5	4	24	7	26	30	1	9	7	5	2	3	1	11	4	13	6	8	15
2013107	969	985	3	3	1	4	1	5	5	9	8	9	3	16	4	7	1	5	15	9	21	9	4	3	6	5	25	8	27	31	8	1	8	6	1	4	2	5	5	14	7	9	22
2013108	239	343	4	4	2	3	4	1	6	10	1	1	4	17	5	3	2	6	16	10	22	1	5	4	7	6	4	9	28	32	1	2	9	7	2	3	3	1	6	15	8	10	10
2013109	183	167	5	1	3	1	1	2	6	7	2	2	5	1	6	1	3	7	17	11	23	2	6	5	8	7	1	10	6	33	2	3	10	8	3	1	4	2	7	7	9	11	14
2013110	768	418	6	1	4	2	4	3	1	1	8	3	6	1	7	2	4	8	18	12	24	3	7	1	9	8	2	11	1	34	3	4	11	9	4	2	5	3	8	1	8	12	13
2013111	960	466	7	1	5	3	4	4	6	2	1	4	7	2	8	3	4	9	19	13	25	4	8	1	10	9	3	12	6	35	4	5	12	10	5	3	6	4	6	2	1	13	16
2013112	625	996	8	2	6	4	1	5	6	3	2	9	8	3	9	4	1	10	20	14	26	9	9	2	11	10	4	13	1	36	5	9	13	11	6	4	7	5	6	3	2	14	24
2013113	848	836	9	3	7	3	2	6	6	4	8	1	9	4	10	5	2	11	21	15	8	1	10	3	12	3	5	14	2	37	6	1	14	12	7	5	8	6	6	4	3	15	17
2013114	211	171	10	1	8	1	3	7	1	7	1	2	10	1	11	6	3	12	22	16	1	2	11	4	13	1	6	15	3	7	7	2	15	1	8	6	9	7	1	5	4	16	9
2013115	349	901	0	1	9	2	4	8	2	1	2	9	11	1	12	7	4	13	23	17	2	9	0	5	14	2	7	16	4	1	8	3	16	1	9	7	10	8	2	6	5	17	10
2013116	658	407	0	1	10	3	4	9	3	7	3	1	12	2	13	8	4	14	24	18	3	1	0	6	15	3	8	17	5	2	9	4	17	1	10	8	11	9	3	7	6	18	11
2013117	194	808	0	2	11	4	1	10	4	1	8	2	13	3	14	9	1	15	25	19	8	2	0	7	16	4	9	18	6	3	10	5	18	2	11	9	12	10	4	1	8	19	16
2013118	757	393	1	3	12	3	2	11	5	2	1	9	14	4	15	3	2	16	26	20	1	3	1	8	17	5	10	19	7	4	11	9	19	3	12	3	13	11	5	2	1	20	15
2013119	171	451	2	1	13	1	4	5	6	3	2	1	15	5	16	1	4	17	27	21	2	4	2	9	18	6	11	5	8	5	12	1	20	1	13	1	14	12	6	3	2	21	10
2013120	083	569	3	1	14	2	1	5	6	4	3	9	16	6	17	2	1	5	28	22	3	5	3	10	19	7	12	1	6	6	13	2	21	1	14	2	15	13	7	4	3	9	20
2013121	183	073	0	2	15	3	2	1	1	7	4	1	0	7	18	3	2	1	29	23	4	6	4	11	20	8	13	2	1	7	14	3	22	2	15	3	16	14	8	5	4	1	10
2013122	386	465	1	3	16	1	4	5	6	1	5	2	1	8	19	4	4	2	30	24	5	7	5	12	21	9	14	3	6	1	15	4	23	3	16	1	17	5	9	6	5	2	15
2013123	358	832	2	4	2	3	1	1	1	2	8	3	2	9	20	5	1	3	31	25	8	8	6	13	22	3	15	4	1	2	16	5	24	4	2	2	18	1	10	7	6	3	13
2013124	988	963	3	5	1	3	2	2	6	3	1	9	3	10	21	6	2	4	32	26	1	9	7	14	23	1	16	5	6	3	17	6	25	5	1	3	19	2	11	8	7	4	18
2013125	482	510	0	1	2	1	3	5	1	4	2	1	4	11	22	7	3	5	33	27	2	1	8	1	24	2	17	6	1	4	18	7	0	6	2	1	20	3	12	9	8	5	6
2013126	265	410	0	1	3	2	4	1	2	5	3	2	5	12	23	8	4	1	34	28	3	2	9	1	25	3	18	7	2	5	19	8	0	7	3	2	21	4	13	10	9	6	5
2013127	375	667	1	1	4	3	1	2	6	7	4	3	6	13	24	9	1	2	6	29	4	3	10	1	26	4	19	8	6	6	20	9	1	8	4	3	22	5	14	7	10	7	19
2013128	783	849	2	2	5	4	4	3	1	1	8	9	7	14	25	10	2	3	1	30	8	4	11	2	27	5	4	9	1	7	21	10	2	9	5	4	23	6	15	1	11	9	21
2013129	528	020	0	3	2	5	1	4	2	2	1	1	0	15	26	11	3	4	2	31	1	5	12	3	2	6	1	10	2	8	22	11	0	10	6	5	24	7	16	2	12	1	2
2013130	722	991	1	1	1	6	2	5	3	3	2	9	1	16	27	12	4	5	3	32	2	9	13	4	1	7	2	11	3	9	23	9	1	1	7	6	25	8	17	3	13	2	19
2013131	354	798	2	1	2	7	3	6	4	7	8	9	2	17	28	13	5	6	4	7	3	1	14	5	2	8	3	12	4	10	24	9	2	1	8	7	26	9	18	4	8	3	24
2013132	929	155	3	1	3	8	4	5	5	1	1	1	3	1	29	14	6	7	5	1	4	2	15	6	3	9	4	5	5	11	25	1	3	2	9	8	27	5	19	5	1	4	11
2013133	263	329	4	1	2	3	5	1	6	2	2	9	4	1	30	3	7	8	6	2	5	3	16	7	2	10	5	1	6	12	26	2	4	3	10	9	28	1	20	6	2	9	14
2013134	962	228	5	2	2	1	6	2	7	3	8	1	5	2	2	1	8	9	7	3	6	4	17	8	2	11	6	2	7	13	27	3	5	4	11	10	29	2	21	7	8	1	12
2013135	018	850	0	3	1	2	7	5	8	4	8	2	6	3	1	2	9	10	8	4	8	5	18	9	1	12	7	5	8	14	28	4	0	5	12	11	30	3	22	8	1	2	13
2013136	198	231	1	1	2	3	8	1	9	5	1	3	7	4	2	3	10	11	9	5	1	6	19	10	2	3	8	1	9	15	29	5	1	1	13	12	31	4	23	9	2	3	6
2013137	106	627	2	1	2	1	9	2	6	7	2	4	8	5	1	4	11	12	6	6	2	7	20	11	2	1	9	2	10	16	30	6	2	1	14	13	32	5	24	7	3	4	15
2013138	017	579	3	2	1	2	10	5	1	7	3	9	9	6	2	5	12	5	1	7	3	8	21	12	1	2	10	3	11	7	31	7	3	2	15	14	33	6	25	1	4	9	21
2013139	950	907	0	3	2	3	11	1	2	7	4	9	10	7	3	6	13	1	2	8	4	9	0	13	2	3	11	4	12	1	32	8	4	3	16	15	34	7	26	7	5	1	16
2013140	565	592	1	4	2	4	12	5	3	1	5	9	11	8	4	7	14	5	3	9	5	1	1	14	3	4	12	5	13	2	33	9	5	4	2	16	35	8	27	1	6	2	16
2013141	404	782	2	5	2	5	13	1	4	7	8	1	12	9	5	8	15	1	4	7	6	2	2	15	4	5	13	6	14	3	8	1	6	5	2	17	36	9	28	2	7	3	17
2013142	627	930	0	6	1	3	14	2	5	1	1	9	13	10	6	9	16	2	5	1	7	9	3	16	5	3	14	7	15	4	1	2	0	6	1	18	37	10	29	3	8	4	12
2013143	968	060	0	7	2	1	15	3	6	2	2	1	0	11	7	10	17	3	6	2	8	1	4	17	6	1	15	8	6	5	2	3	0	7	2	19	38	11	30	4	9	5	6
2013144	433	890	0	8	3	2	16	4	1	3	8	9	1	12	8	11	18	4	7	3	8	2	5	18	7	2	16	9	1	6	3	9	0	8	3	20	39	12	31	5	10	6	17
2013145	033	389	1	9	4	3	17	5	2	4	8	9	2	13	9	3	19	5	8	4	1	3	6	19	8	3	17	10	2	7	8	1	1	9	4	21	40	13	32	6	11	9	20
2013146	019	464	2	10	5	1	4	6	6	5	1	1	3	14	10	1	4	6	9	5	2	4	7	20	9	4	18	11	6	8	1	2	2	10	5	22	4	14	33	7	12	1	14
2013147	331	843	3	11	6	3	4	7	1	6	8	2	4	15	11	2	1	7	10	6	8	5	8	21	10	5	4	12	1	9	2	3	3	11	6	3	1	15	34	8	13	2	15
2013148	025	825	4	12	2	1	1	5	2	7	8	3	5	16	12	3	2	8	11	7	8	6	9	22	2	6	1	13	2	10	3	4	4	12	7	1	2	5	35	9	14	3	15
2013149	351	452	5	13	2	2	4	5	3	8	1	4	6	17	13	4	4	9	12	8	1	7	10	23	1	7	2	5	3	11	4	5	5	13	2	2	3	1	36	10	15	4	11
2013150	946	736	6	14	1	3	1	1	6	7	2	5	7	18	14	5	1	10	13	7	2	8	11	24	2	3	3	1	4	12	5	6	6	14	1	3	4	2	6	11	16	5	16
2013151	514	943	7	15	2	3	4	2	1	1	3	9	8	19	15	6	2	11	14	1	3	9	12	25	3	1	4	2	5	13	6	7	7	15	2	3	5	3	1	12	17	6	16
2013152	342	149	8	1	3	1	4	3	2	2	4	9	9	1	16	7	3	12	15	2	4	1	13	26	4	2	4	3	6	14	7	8	8	16	3	1	6	4	2	13	18	9	14
2013153	145	288	9	1	2	2	1	4	3	3	8	1	10	1	2	8	4	13	16	3	5	2	14	27	5	3	1	4	7	15	8	9	9	17	4	2	7	5	3	14	8	1	18
2013154	164	349	10	2	1	3	4	5	4	4	1	9	11	2	1	3	5	14	17	4	6	3	15	28	6	4	4	5	8	16	1	10	10	18	5	3	8	6	4	15	1	9	16
2013155	566	296	11	3	2	1	1	6	6	5	2	9	12	3	2	1	6	15	18	5	7	4	16	29	7	5	1	6	9	17	2	9	11	19	6	4	9	7	6	16	2	1	17
2013156	446	775	12	4	1	2	2	5	1	7	3	1	13	4	1	2	7	16	19	7	8	5	17	30	8	6	2	7	10	7	3	1	12	20	7	5	10	5	1	17	3	2	19
2013157	120	383	13	5	2	3	3	1	2	1	8	2	14	5	2	3	8	17	20	1	9	6	18	31	9	7	3	8	11	1	8	2	13	21	8	3	11	1	2	18	4	3	14
2013158	027	613	14	1	3	3	4	2	6	2	1	3	15	6	3	1	9	18	6	2	10	7	19	1	10	8	4	9	12	2	1	3	14	22	9	3	12	2	3	19	5	4	10
2013159	307	098	0	1	4	1	5	3	1	3	8	9	0	7	4	2	10	19	1	3	11	8	20	1	11	9	5	10	13	3	2	9	15	23	10	1	13	3	4	20	8	5	17
2013160	528	210	0	1	2	2	6	4	2	4	1	1	1	8	2	3	11	20	2	4	12	9	21	1	12	10	6	11	14	4	3	1	0	24	11	2	14	4	5	21	1	6	3
2013161	357	537	1	1	1	3	7	5	3	7	2	2	2	9	1	4	12	5	3	5	13	10	22	1	13	3	7	12	15	5	4	2	1	25	12	3	15	5	6	7	2	7	15
2013162	619	292	2	2	2	1	8	1	4	1	3	9	3	10	2	5	13	1	4	6	14	11	23	2	14	1	8	13	16	6	5	9	2	26	2	4	16	6	7	1	3	8	13
2013163	899	104	0	1	1	2	4	2	5	2	4	1	4	1	1	6	14	2	5	7	15	12	0	3	15	2	9	14	17	7	6	1	3	27	1	5	4	7	8	2	4	9	5
2013164	383	732	1	1	2	3	1	3	6	7	5	2	5	1	2	7	15	3	6	7	16	13	1	4	16	3	10	15	18	8	7	2	4	28	2	6	1	8	9	3	5	10	12
2013165	959	300	0	2	1	3	2	4	7	1	6	3	6	2	3	3	16	4	7	1	17	14	0	5	17	1	11	16	19	9	8	3	0	29	1	7	2	9	10	4	6	11	3
2013166	376	042	0	3	2	1	4	5	8	2	7	4	0	3	4	1	17	5	8	2	18	15	1	6	18	2	4	17	20	10	9	4	1	30	2	8	3	10	11	5	7	12	6
2013167	550	242	1	4	2	2	4	6	9	3	8	5	1	4	2	2	18	6	9	3	19	16	2	7	19	3	4	18	21	11	10	5	2	31	2	9	4	11	12	6	8	13	8
2013168	828	556	2	5	1	3	1	5	6	4	9	6	2	5	1	3	19	5	10	4	20	17	3	8	20	4	1	5	22	12	11	6	3	32	1	10	5	12	6	7	9	14	16
2013169	975	344	3	6	2	3	4	1	1	5	10	7	3	6	2	3	20	1	11	5	21	18	4	9	21	5	4	1	23	13	12	7	4	33	2	11	4	13	1	8	10	15	11
2013170	700	128	4	1	2	1	1	2	2	6	8	8	4	1	3	1	21	2	12	6	22	19	5	10	2	6	1	2	24	14	13	8	5	34	3	12	1	14	2	9	8	16	11
2013171	428	890	0	1	1	2	2	3	3	7	8	9	5	1	4	2	22	3	13	7	8	20	6	11	1	7	2	3	25	15	14	9	0	35	4	13	2	15	3	10	1	17	17
2013172	151	406	0	2	2	3	4	4	6	8	1	1	6	2	5	3	4	4	14	8	1	21	0	12	2	8	3	4	26	16	15	1	1	36	5	14	3	16	6	11	2	18	10
2013173	095	506	0	3	3	4	1	5	6	9	2	2	7	3	6	4	1	5	15	9	2	22	0	13	3	9	4	5	27	17	16	2	2	37	6	15	4	17	6	12	3	19	11
2013174	139	714	1	1	4	5	4	1	1	7	3	3	8	4	7	5	2	1	16	7	3	23	1	1	4	10	5	6	28	18	17	3	3	38	7	16	4	18	1	13	4	20	12
2013175	173	185	2	1	5	6	1	5	2	1	8	4	9	1	8	6	3	2	17	1	4	24	2	1	5	11	6	7	29	19	8	4	4	39	8	17	1	5	2	14	5	21	14
2013176	540	307	0	1	6	3	2	1	3	7	1	5	10	1	9	3	4	3	18	2	5	25	0	2	6	12	7	8	30	20	1	5	5	40	9	18	2	1	3	7	6	22	10
2013177	018	169	1	1	7	1	3	2	6	1	2	9	11	1	10	1	5	4	19	3	6	26	1	3	7	13	8	9	6	21	2	6	6	41	10	19	3	2	4	1	7	9	16
2013178	024	927	2	1	2	2	4	3	1	7	3	9	12	1	11	2	6	5	20	4	7	9	2	4	2	14	9	10	1	22	3	7	7	42	11	20	4	3	5	7	8	1	18
2013179	121	368	3	2	1	3	5	4	6	1	8	1	13	2	12	3	7	6	21	5	8	1	3	5	1	15	10	11	6	23	4	8	8	43	12	21	5	4	6	1	8	2	17
2013180	041	642	4	3	2	1	4	5	6	2	1	2	14	3	13	1	8	7	6	6	9	2	4	6	2	16	4	12	1	24	5	9	9	44	2	22	6	5	7	2	1	3	12
2013181	929	248	5	4	2	2	4	6	1	3	8	3	15	4	2	2	9	8	1	7	10	3	5	7	3	17	4	13	2	25	6	10	10	45	1	23	7	6	8	3	8	4	14
2013182	189	944	6	5	1	3	4	7	2	4	1	9	16	5	1	3	10	9	2	8	11	9	6	8	4	18	4	14	3	26	7	11	11	46	2	24	4	7	9	4	1	5	17
2013183	192	693	7	6	2	3	1	8	6	5	2	9	17	6	2	4	11	10	6	9	12	1	7	9	5	19	1	15	4	27	8	9	12	47	3	3	1	8	10	5	2	6	18
2013184	488	487	8	7	3	1	4	9	1	7	8	1	18	7	3	5	4	11	1	10	13	2	8	10	6	20	2	16	5	28	8	1	13	48	4	1	2	9	11	7	3	7	19
2013185	103	916	9	1	4	2	1	10	6	1	1	9	19	8	4	6	1	12	2	11	14	9	9	1	7	21	3	17	6	29	1	2	14	49	5	2	3	10	6	1	4	8	16
2013186	980	170	0	1	5	3	2	11	1	7	2	1	20	1	5	7	2	13	3	12	15	1	10	1	8	22	4	18	7	7	2	3	0	50	6	3	4	11	1	2	5	9	8
2013187	758	188	1	1	6	4	3	12	2	1	8	2	21	1	6	8	3	14	4	13	16	2	11	2	9	23	5	19	8	1	8	4	1	51	7	4	5	12	2	3	8	10	17
2013188	874	020	0	1	2	5	4	13	3	2	1	3	0	1	7	9	4	15	5	14	17	3	12	3	2	24	6	20	9	2	1	5	0	52	8	5	6	13	3	4	1	11	2
2013189	435	026	0	2	2	6	5	14	6	3	2	4	0	2	8	10	5	16	6	15	18	4	13	4	2	25	7	21	10	3	2	6	1	53	9	6	7	14	6	5	2	12	8
2013190	231	719	1	1	1	7	6	15	1	7	3	9	1	3	9	11	6	17	7	7	19	5	14	1	1	26	8	22	11	4	3	7	2	54	10	7	8	15	1	6	3	9	17
2013191	048	315	2	1	2	3	7	5	2	1	4	1	2	4	10	3	7	18	8	1	20	6	15	1	2	27	9	23	12	5	4	8	3	55	11	8	9	5	2	7	4	1	9
2013192	031	170	0	1	3	1	8	1	3	7	5	2	3	1	11	1	8	19	9	2	21	7	16	1	3	28	10	24	13	7	5	9	0	56	12	9	10	1	3	8	5	2	8
2013193	339	493	1	1	4	3	4	2	4	1	6	9	4	1	12	2	4	20	10	3	22	8	17	2	4	29	11	25	14	1	6	9	1	57	13	3	11	2	4	9	6	3	16
2013194	427	806	0	2	5	1	1	3	6	2	8	1	5	2	13	3	1	21	11	4	8	9	0	3	5	30	12	26	15	2	7	1	2	58	14	1	12	3	6	10	7	4	14
2013195	667	398	1	3	6	3	2	4	1	3	8	9	6	3	14	3	2	22	12	5	1	10	1	4	6	31	13	27	16	3	8	9	3	59	15	2	13	4	1	11	8	5	20
2013196	936	100	0	1	7	1	3	5	2	4	1	1	7	1	15	1	3	23	13	6	2	11	0	5	7	32	14	28	17	4	9	1	0	60	16	3	14	5	2	12	1	6	1
2013197	109	115	1	1	8	2	4	5	3	5	2	2	8	1	16	2	4	24	14	7	3	12	1	1	8	33	15	29	18	5	10	2	1	61	17	4	15	5	3	13	2	7	7
2013198	974	566	2	1	9	3	5	5	6	6	3	3	9	1	17	3	5	5	15	8	4	13	2	1	9	34	16	30	6	6	11	3	2	62	18	5	16	1	6	14	3	8	17
2013199	229	814	3	1	10	4	4	1	1	7	8	4	10	2	18	4	6	1	16	9	8	14	3	1	10	35	17	31	1	7	12	4	3	63	19	6	4	2	1	15	4	9	13
2013200	970	573	4	1	11	3	1	5	2	7	1	5	11	3	19	5	7	5	17	10	1	15	4	1	11	36	18	32	2	7	13	5	4	64	20	3	1	3	2	16	5	10	15
2013201	834	498	5	2	12	1	4	1	3	1	8	9	12	4	20	6	4	1	18	11	2	16	5	2	12	37	19	33	3	1	14	9	5	65	21	1	2	4	3	17	8	11	21
2013202	096	603	0	3	13	3	1	2	6	2	1	1	13	5	21	7	1	2	6	12	3	17	0	3	13	38	20	34	4	2	15	1	6	66	22	3	3	5	4	18	1	12	9
2013203	154	300	0	4	14	3	2	3	1	3	2	2	14	6	22	3	2	3	1	13	4	18	0	4	14	39	21	35	5	3	16	2	0	67	23	1	4	6	5	19	2	13	3
2013204	033	506	0	5	15	1	3	5	6	4	3	3	15	7	23	1	3	5	2	14	5	19	0	5	15	40	22	36	6	4	17	3	1	68	24	2	5	7	6	20	3	14	11
2013205	031	798	1	6	16	2	4	1	1	7	8	9	16	8	24	2	4	1	3	7	6	20	1	6	16	41	23	37	7	5	18	9	2	69	25	3	6	8	1	21	8	15	24
2013206	667	493	2	7	17	3	4	2	2	1	1	9	17	9	25	3	4	2	4	1	7	21	2	7	17	42	24	38	8	6	19	9	3	70	26	3	7	9	2	22	1	16	16
2013207	255	473	3	8	18	3	4	3	3	7	2	1	18	10	26	4	4	3	5	2	8	22	3	8	18	43	25	39	9	7	20	1	4	71	27	3	8	10	3	23	2	17	14
2013208	094	044	0	9	19	1	4	4	4	1	3	2	0	11	27	5	1	4	6	3	9	23	4	9	19	44	4	40	10	1	21	2	5	72	28	1	4	11	4	24	3	18	8
2013209	157	928	1	10	2	2	1	5	5	2	8	9	1	12	28	6	2	5	7	4	10	9	5	10	2	45	1	41	11	2	22	3	6	73	29	2	1	12	5	25	8	19	19
2013210	577	139	2	1	1	3	2	6	6	3	1	9	2	1	29	7	3	6	8	5	11	1	6	11	1	3	2	42	12	3	23	4	7	74	30	3	2	13	6	26	1	9	13
2013211	735	749	3	1	2	1	4	7	7	7	2	9	3	1	30	8	4	7	9	7	12	2	7	12	2	1	4	43	13	4	24	5	8	75	31	4	3	14	7	27	2	9	20
2013212	943	082	0	2	2	2	1	8	8	1	8	1	0	2	31	9	5	8	10	1	13	3	8	13	3	2	1	44	14	5	8	6	9	76	2	5	4	15	8	28	3	1	10
2013213	314	660	0	3	1	3	2	9	6	2	1	2	1	3	32	10	6	9	6	2	14	4	9	14	4	3	2	45	6	6	1	7	0	77	1	6	5	16	9	29	4	2	12
2013214	598	826	1	4	2	4	3	10	6	3	8	3	2	4	33	11	7	10	1	3	8	5	10	15	2	4	3	46	1	7	2	8	1	78	2	7	6	17	6	30	5	3	16
2013215	994	157	2	1	1	5	4	5	1	7	1	4	3	1	34	12	8	11	2	4	1	6	11	16	1	5	4	5	2	8	3	9	2	79	3	8	7	18	1	7	6	4	13
2013216	552	383	3	1	2	3	5	1	2	1	8	5	4	1	35	3	9	12	3	5	2	7	12	17	2	6	5	1	3	9	8	10	3	80	4	3	8	19	2	1	7	5	14
2013217	934	965	4	2	3	1	6	5	6	2	1	9	5	2	36	1	10	13	4	6	3	9	13	18	3	7	6	2	6	10	1	11	4	81	5	1	9	5	3	2	8	6	20
2013218	277	112	5	1	2	2	7	1	1	3	2	1	6	1	37	2	11	14	5	7	4	1	14	1	4	8	7	3	1	11	2	12	5	82	2	2	10	1	4	3	9	7	4
2013219	128	232	6	1	2	3	8	2	2	4	3	2	7	1	2	3	12	15	6	8	5	2	15	1	5	3	8	4	2	12	3	13	6	83	2	3	11	2	5	4	10	8	7
2013220	993	630	0	2	1	3	9	3	6	5	4	3	8	2	1	4	13	16	6	9	6	3	16	2	6	3	9	5	3	13	4	14	0	84	1	4	12	3	6	5	11	9	9
2013221	559	999	1	3	2	1	10	4	1	6	5	9	9	3	2	5	14	17	1	10	7	9	17	3	7	1	10	6	4	14	5	9	1	85	2	5	13	4	7	6	12	9	27
2013222	264	260	0	4	2	2	11	5	6	7	6	1	10	4	2	6	15	18	2	11	8	1	18	4	8	2	11	7	6	15	6	1	0	86	3	6	14	5	8	7	13	1	8
2013223	645	811	1	1	1	3	12	6	1	8	8	2	11	5	1	7	16	19	3	12	8	2	19	1	9	3	12	8	1	16	7	2	1	1	4	7	15	6	9	8	14	2	10
2013224	498	579	2	1	2	4	13	5	2	7	1	9	12	6	2	8	17	5	4	13	1	3	20	1	10	4	13	9	2	7	8	3	2	1	5	8	16	7	10	9	15	9	21
2013225	186	884	3	2	3	5	4	1	3	1	8	1	13	7	3	9	18	1	5	14	8	4	21	2	11	5	14	10	3	1	8	4	3	2	6	9	4	8	11	10	16	1	20
2013226	445	550	0	3	4	6	1	5	4	2	1	2	14	8	4	10	19	5	6	15	1	5	22	3	12	6	15	5	4	2	1	5	0	3	7	10	1	9	12	11	17	2	10
2013227	982	427	1	4	2	7	4	1	5	7	2	3	15	9	5	11	4	1	7	16	2	6	23	4	2	7	16	1	5	3	2	6	1	4	8	11	2	10	13	7	18	3	13
2013228	611	410	0	1	1	8	4	2	6	1	3	4	16	10	6	12	4	2	8	17	3	7	24	1	1	8	17	2	6	4	3	7	0	5	9	12	3	11	14	1	19	4	5
2013229	170	003	0	1	2	3	1	3	7	2	4	5	0	11	7	13	1	3	9	18	4	8	0	1	2	9	18	3	7	5	4	8	1	6	10	3	4	12	15	2	20	5	3
2013230	381	962	1	2	2	1	2	4	6	3	5	9	1	12	8	14	2	4	10	19	5	9	1	2	3	10	19	4	6	6	5	9	2	7	2	1	5	13	16	3	21	6	17
2013231	403	468	2	3	1	2	4	5	6	4	8	1	2	13	9	15	4	5	11	20	6	1	2	3	4	11	20	5	6	7	6	10	3	8	1	2	6	14	17	4	8	7	18
2013232	571	441	3	1	2	3	4	6	1	5	1	2	3	14	10	16	4	6	12	21	7	2	3	4	5	12	4	6	1	8	7	11	4	1	2	3	7	15	18	5	1	8	9
2013233	972	367	4	1	3	3	1	7	6	7	2	3	4	15	11	3	1	7	13	22	8	3	4	5	6	13	1	7	6	9	8	12	5	1	3	4	8	16	19	7	2	9	16
2013234	219	846	5	2	4	1	4	8	6	1	8	4	5	16	12	1	2	8	14	23	8	4	5	6	7	14	4	8	1	10	9	13	6	2	4	5	9	17	6	1	3	10	18
2013235	758	625	6	3	2	2	1	5	6	2	1	5	6	17	13	2	3	9	6	24	1	5	6	7	2	15	1	9	2	11	10	14	7	3	5	6	10	5	1	2	4	11	13
2013236	209	714	7	1	1	3	4	1	1	7	2	6	7	18	14	3	4	10	1	7	2	6	7	1	1	16	2	10	3	12	11	15	8	4	6	7	4	1	2	3	5	12	12
2013237	271	874	8	1	2	4	4	2	2	7	8	7	8	19	15	4	5	11	2	1	8	7	8	1	2	17	3	11	4	7	12	16	9	5	7	8	4	2	3	4	6	13	19
2013238	312	117	9	1	3	5	1	3	3	7	1	8	9	1	16	5	6	12	3	2	1	8	9	1	3	18	4	12	5	1	13	17	10	6	8	9	1	3	4	7	7	14	9
2013239	772	091	0	1	4	6	2	4	4	1	2	9	0	1	17	6	7	13	4	3	2	9	10	1	4	19	5	13	6	2	14	9	11	1	9	10	2	4	5	1	8	15	10
2013240	432	569	1	1	5	7	3	5	6	2	3	9	1	2	18	7	8	5	5	4	3	10	11	2	5	20	6	14	6	3	15	1	12	1	10	11	3	5	6	2	9	9	20
2013241	961	718	2	1	6	8	4	1	1	7	8	1	2	3	19	8	9	1	6	7	4	11	12	1	6	21	7	15	1	4	16	2	13	2	11	12	4	6	7	3	8	1	16
2013242	880	528	3	1	2	9	5	5	2	1	8	2	3	4	20	9	10	5	7	1	5	12	13	1	2	22	8	16	2	5	17	3	14	3	12	13	5	7	8	4	8	2	15
2013243	153	361	4	1	1	3	6	1	6	2	1	3	4	5	21	3	11	1	8	2	6	13	14	2	1	23	9	17	6	6	18	4	15	1	13	14	6	8	9	5	1	3	10
2013244	955	393	5	1	2	3	7	2	1	3	2	9	5	6	22	3	12	2	9	3	7	14	15	3	2	24	10	18	1	7	19	9	16	1	14	3	7	9	10	6	2	4	15
2013245	941	742	6	2	2	1	4	3	2	7	3	1	6	7	23	1	13	3	10	7	8	15	16	4	3	25	4	19	2	8	20	1	17	2	2	1	8	10	11	7	3	5	13
2013246	735	906	0	3	1	2	1	4	6	1	4	9	7	8	24	2	14	4	11	1	9	9	0	5	4	26	1	20	3	9	21	2	18	3	1	2	9	11	6	8	4	6	15
2013247	637	559	1	4	2	3	2	5	1	2	5	9	8	9	25	3	15	5	12	2	10	1	1	6	5	27	2	5	4	10	22	3	19	4	2	3	10	12	1	9	5	9	19
2013248	617	115	2	1	3	4	3	5	2	3	6	1	9	1	26	4	16	1	13	3	11	2	2	1	6	28	3	1	5	11	23	4	20	5	3	4	11	5	2	10	6	1	7
2013249	914	307	0	1	4	3	4	1	3	7	7	2	10	1	27	3	17	2	14	4	12	3	0	1	7	29	4	2	6	12	24	5	21	6	4	5	12	1	3	7	7	2	10
2013250	557	904	0	2	5	1	4	2	4	1	8	9	11	2	28	1	18	3	15	5	13	9	0	2	8	30	5	3	7	13	25	6	22	7	5	6	4	2	4	1	8	3	13
2013251	141	753	1	3	6	3	1	5	5	7	9	1	12	3	29	2	19	4	16	7	14	1	1	3	9	31	6	5	8	14	26	7	23	8	6	3	1	3	5	2	9	4	15
2013252	720	573	2	4	7	3	2	5	6	7	10	2	13	4	30	3	20	5	17	1	15	2	2	4	10	32	7	1	9	7	27	8	24	9	7	3	2	4	6	3	10	5	15
2013253	556	683	3	5	8	3	3	1	6	1	8	3	14	5	31	4	21	1	6	2	16	3	3	5	11	33	8	2	10	1	8	9	25	10	8	3	3	5	7	4	11	6	17
2013254	489	956	4	6	9	1	4	5	6	2	1	9	15	6	32	5	22	2	1	3	17	9	4	6	12	34	9	5	11	2	1	10	26	11	9	1	4	6	6	5	12	7	20
2013255	059	295	5	7	2	2	5	5	1	3	2	9	16	7	2	6	23	3	2	4	18	1	5	7	13	35	10	1	12	3	2	9	27	12	10	2	5	5	1	6	13	8	16
2013256	752	598	6	8	1	3	6	5	2	4	8	9	17	8	1	7	24	5	3	5	19	2	6	8	14	36	11	2	13	4	3	9	28	13	11	3	6	1	2	7	8	9	22
2013257	044	398	7	9	2	3	7	1	3	5	8	9	18	9	2	3	25	1	4	6	20	3	7	9	15	37	12	3	14	5	4	9	29	14	12	4	7	2	3	8	8	10	20
2013258	776	055	0	10	3	1	8	5	4	6	1	1	0	10	3	1	26	2	5	7	21	4	8	10	16	38	13	5	15	6	5	1	30	15	13	5	8	5	4	9	1	11	10
2013259	357	413	1	1	4	3	4	1	5	7	2	2	1	11	4	2	4	3	6	8	22	5	9	1	17	39	14	1	16	7	6	2	31	16	14	3	9	1	5	10	2	12	8
2013260	163	626	2	1	2	1	1	2	6	8	3	3	2	12	5	3	1	4	6	9	23	6	10	1	2	40	15	2	17	8	7	3	32	17	15	1	10	2	6	11	3	13	14
2013261	247	227	3	2	2	2	2	3	1	7	4	4	3	13	2	4	2	5	1	10	24	7	11	2	2	41	16	3	18	9	8	4	33	18	16	2	11	3	1	7	4	14	11
2013262	895	643	4	3	1	3	4	4	6	1	5	5	4	14	1	5	3	6	6	11	25	8	12	3	1	42	4	4	19	10	9	5	34	19	17	3	12	4	2	1	5	15	13
2013263	766	681	5	1	2	1	1	5	6	2	8	6	5	15	2	6	4	7	6	12	26	9	13	4	2	43	1	5	20	11	8	6	35	1	18	1	13	5	3	2	6	16	15
2013264	788	748	6	1	3	2	4	6	1	7	8	7	6	16	3	7	5	8	1	7	27	10	14	5	3	44	4	6	21	12	1	7	36	1	19	2	14	6	4	3	8	17	19
2013265	469	373	7	2	4	3	1	7	2	7	1	8	7	17	4	3	6	9	2	1	28	11	15	6	4	45	1	7	22	7	2	8	37	2	20	3	15	7	5	4	1	18	13
2013266	564	552	8	3	2	1	2	5	3	1	2	9	8	18	5	1	7	5	3	2	29	12	16	7	5	46	2	5	23	1	3	9	38	3	2	1	16	8	6	5	2	19	12
2013267	852	051	0	1	1	2	3	5	4	2	3	10	0	19	6	2	8	1	4	3	30	13	17	8	6	47	3	5	24	2	4	10	39	1	1	2	17	9	7	6	3	20	6
2013268	520	414	1	1	2	3	4	1	5	3	4	11	1	20	7	3	4	2	5	4	31	14	18	1	7	48	4	1	25	3	5	11	40	1	2	3	4	10	8	7	4	21	9
2013269	979	166	2	1	3	4	1	2	6	4	5	12	2	1	8	4	1	3	6	5	32	15	19	1	8	49	5	2	6	4	6	12	41	2	3	4	1	11	6	8	5	22	13
2013270	536	295	3	1	2	5	2	5	1	5	6	9	3	1	2	5	2	4	7	6	33	16	20	2	9	50	6	3	1	5	7	9	42	3	4	5	2	5	1	9	6	23	16
2013271	386	385	4	2	1	3	3	5	2	6	8	1	4	2	1	3	3	5	8	7	34	17	21	3	10	51	7	4	2	6	8	1	43	4	5	6	3	5	2	10	7	24	16
2013272	386	309	0	3	2	3	4	1	3	7	1	9	5	3	2	3	4	6	9	8	35	18	0	4	11	52	8	5	3	7	1	2	44	5	6	7	4	1	3	11	8	9	12
2013273	272	568	1	4	3	1	5	5	6	8	8	1	6	4	3	1	5	5	10	9	36	19	1	5	12	53	9	6	6	8	2	3	45	6	7	8	5	2	4	12	8	1	19
2013274	604	600	0	5	4	2	6	1	6	9	1	2	7	5	4	2	6	1	6	10	37	20	0	6	13	54	10	7	1	9	3	4	0	7	8	9	6	3	5	13	1	2	6
2013275	603	250	0	6	2	3	7	5	1	10	2	3	8	6	2	3	7	2	1	11	38	21	1	7	14	55	11	5	2	10	4	5	0	8	9	10	7	4	6	14	2	3	7
2013276	633	954	1	7	1	4	4	5	2	11	3	9	9	7	1	4	8	3	2	12	39	9	2	8	15	56	12	5	3	11	5	6	1	9	10	11	4	5	7	15	3	4	18
2013277	740	393	2	8	2	3	1	1	3	12	4	9	10	8	2	3	9	4	3	13	40	1	3	9	16	57	13	1	4	12	6	9	2	10	11	3	1	6	8	16	4	5	15
2013278	119	134	3	1	3	3	4	2	4	13	5	1	11	1	3	1	10	5	4	14	41	2	4	10	17	3	14	2	5	13	7	1	3	11	12	1	4	7	9	17	5	6	8
2013279	339	409	0	1	4	1	4	3	5	14	6	9	12	1	4	2	4	6	5	15	42	3	0	11	18	1	15	3	6	14	8	2	4	12	13	2	1	8	10	18	6	9	13
2013280	935	194	1	1	5	2	4	4	6	15	7	9	13	1	5	3	1	7	6	16	43	4	1	12	19	2	16	4	7	15	9	9	5	13	14	3	4	9	11	19	7	1	14
2013281	400	005	0	1	6	3	1	5	7	16	8	1	0	1	6	4	2	8	7	17	44	5	0	13	20	3	17	5	8	16	10	1	6	14	15	4	1	5	12	20	8	2	5
2013282	450	846	1	2	7	4	4	1	6	17	8	2	1	2	7	5	3	9	8	18	8	6	1	14	21	4	4	6	9	17	11	2	7	15	16	5	2	1	6	21	9	3	18
2013283	200	547	2	3	8	5	4	5	1	7	1	3	2	3	8	6	4	5	9	19	1	7	2	15	22	5	4	7	10	18	12	3	8	16	17	6	3	2	1	7	10	4	16
2013284	556	169	3	1	9	6	1	1	6	1	2	9	3	1	9	7	5	1	10	20	2	8	3	16	23	6	1	8	6	19	13	4	9	17	18	7	4	3	2	1	11	9	16
2013285	352	165	4	1	10	7	2	5	6	2	3	1	4	1	10	8	6	2	11	21	3	9	4	17	24	7	2	9	6	20	14	5	10	18	19	8	5	5	3	2	12	1	12
2013286	730	192	5	1	2	8	3	1	1	3	4	9	5	1	11	9	7	3	12	22	4	10	5	18	25	8	3	10	1	21	15	9	11	19	2	9	6	1	4	3	13	2	12
2013287	442	200	0	1	2	9	4	2	2	4	5	1	6	1	2	10	8	4	13	23	5	11	0	19	26	9	4	11	2	22	16	1	0	20	1	10	7	2	5	4	14	3	2
2013288	990	748	1	2	1	10	4	3	3	7	8	2	7	2	1	11	9	5	14	7	6	12	1	20	27	10	4	12	3	23	17	2	1	21	2	11	8	3	6	5	8	4	19
2013289	477	740	0	3	2	11	4	4	4	7	1	3	8	3	2	12	10	6	15	7	7	13	2	21	28	11	4	13	4	24	18	3	0	22	3	12	9	4	7	6	1	5	11
2013290	302	323	1	4	2	3	1	5	5	1	2	4	9	4	3	3	11	7	16	1	8	14	3	22	2	12	1	14	5	25	19	4	1	23	4	3	10	5	8	7	2	6	8
2013291	351	667	2	5	1	1	2	6	6	7	3	5	10	5	4	1	12	8	6	2	9	15	4	23	1	13	2	15	6	26	20	5	2	24	5	1	11	6	9	7	3	7	19
2013292	049	093	0	6	2	3	3	7	1	1	4	9	0	6	5	2	13	9	1	3	10	16	5	24	2	14	3	16	1	27	21	9	3	25	6	3	12	7	10	1	4	8	12
2013293	641	956	1	7	3	1	4	5	6	2	5	9	1	7	6	3	14	10	2	4	11	9	6	25	3	15	4	5	2	28	22	1	4	26	7	1	13	8	6	2	5	9	20
2013294	392	198	2	1	4	2	5	1	1	3	8	9	2	1	7	4	15	11	3	5	12	1	7	26	4	16	5	1	3	29	23	9	5	27	8	2	14	9	1	3	8	10	18
2013295	056	342	3	1	2	3	4	2	2	4	1	1	3	1	8	3	16	12	4	6	13	2	8	27	5	17	4	2	4	30	24	1	6	28	2	3	15	10	2	4	1	11	9
2013296	113	943	4	2	1	3	4	3	3	5	2	9	4	2	9	1	17	13	5	7	14	9	9	28	6	18	4	3	5	31	25	2	7	29	1	3	16	11	3	5	2	12	16
2013297	471	803	0	3	2	3	1	4	4	6	8	1	5	3	10	2	18	14	6	8	8	1	0	29	7	19	1	4	6	32	26	3	8	30	2	3	17	12	4	6	3	13	11
2013298	173	732	1	4	2	3	2	5	5	7	1	2	6	4	11	3	19	15	7	7	1	2	1	30	8	3	2	5	7	33	27	4	9	31	2	1	18	13	5	7	4	14	12
2013299	020	207	0	5	2	1	3	6	6	7	2	3	7	5	2	4	20	16	8	1	2	3	0	31	9	1	3	6	8	34	28	5	10	32	1	2	19	14	6	7	5	15	9
2013300	774	383	1	6	1	3	4	7	7	1	8	4	8	6	1	3	21	17	9	2	3	4	1	32	10	2	4	7	9	35	8	6	11	33	2	3	20	15	7	1	6	16	14
2013301	181	776	2	7	2	1	5	8	6	7	1	5	9	7	2	1	22	18	10	7	4	5	2	33	11	3	5	8	10	7	1	7	12	34	3	1	21	16	6	2	7	17	20
2013302	911	882	3	8	2	2	6	9	1	1	8	6	10	8	3	2	23	19	11	1	8	6	3	34	12	4	6	9	11	1	8	8	13	35	2	2	22	17	1	3	8	18	18
2013303	936	289	4	9	2	3	7	10	2	2	8	9	11	9	2	3	24	20	12	2	1	7	4	35	13	5	7	10	12	2	8	9	14	36	1	3	23	18	2	4	9	9	19
2013304	936	212	5	1	2	4	8	11	3	3	1	1	12	10	2	4	25	21	13	3	2	8	5	1	14	6	8	11	13	3	1	10	15	37	2	4	24	19	3	5	10	1	5
2013305	915	860	0	1	1	5	9	12	6	4	8	2	13	11	1	5	26	22	14	4	8	9	6	1	15	7	9	12	6	4	2	11	0	38	1	5	25	20	4	6	11	2	14
2013306	100	291	1	1	2	6	10	13	1	5	1	9	14	12	2	6	27	23	15	5	1	10	7	2	16	8	10	13	1	5	3	9	1	1	2	6	26	21	5	7	12	3	12
2013307	020	694	2	1	1	7	4	14	6	6	2	9	15	13	1	7	28	24	6	6	2	11	8	3	17	9	11	14	2	6	4	9	2	1	3	7	4	22	6	8	13	4	19
2013308	131	378	3	2	2	3	1	15	1	7	8	1	16	14	2	3	29	25	1	7	3	12	9	4	18	10	12	15	3	7	5	1	3	2	4	8	1	23	7	9	8	5	18
2013309	877	982	4	3	2	1	2	16	2	1	8	9	17	15	3	1	30	26	2	8	4	9	10	5	19	11	13	16	4	1	8	2	4	3	2	9	2	24	8	10	1	6	19
2013310	609	271	5	1	2	2	3	17	3	7	1	1	18	16	2	2	31	27	3	9	5	1	11	6	20	12	14	17	5	7	1	3	5	1	1	10	3	25	9	11	2	7	10
2013311	016	358	6	1	1	3	4	5	4	1	8	2	19	17	1	3	32	28	4	10	6	2	12	7	21	13	15	5	6	1	2	4	6	1	2	11	4	26	10	12	8	8	16
2013312	415	784	7	2	2	1	4	1	5	7	8	3	20	18	2	1	33	29	5	7	7	3	13	8	22	14	16	1	7	2	8	5	7	2	3	12	4	27	11	13	1	9	19
2013313	391	898	8	3	3	2	1	2	6	1	8	9	21	19	3	2	34	30	6	1	8	4	14	9	23	15	17	2	8	3	1	9	8	3	4	13	1	28	12	14	8	10	25
2013314	815	711	9	1	4	3	2	3	7	7	1	1	22	20	4	3	35	31	7	7	1	5	15	1	24	16	18	3	9	4	2	1	9	1	5	14	2	29	13	15	1	11	9
2013315	325	899	10	1	5	4	3	4	8	1	8	9	23	21	5	4	36	32	8	1	8	6	16	1	25	17	19	4	10	5	3	9	10	1	6	15	3	30	14	16	2	9	26
2013316	379	088	0	2	6	5	4	5	9	2	8	1	0	22	6	5	37	33	9	2	1	7	17	2	26	18	20	5	11	6	8	1	11	2	7	16	4	31	15	17	8	1	16
2013317	529	197	1	1	7	6	5	6	10	7	1	9	1	1	7	6	38	34	10	3	2	8	18	3	27	19	21	6	12	7	1	9	12	3	8	17	5	32	16	7	1	2	17
2013318	841	244	2	1	2	7	4	7	11	1	2	1	2	1	2	7	39	35	11	4	3	9	19	4	28	20	4	7	13	8	2	1	13	4	9	18	4	33	17	1	2	3	10
2013319	692	460	0	2	1	8	4	8	6	2	3	2	3	2	1	8	4	36	12	5	4	10	20	5	29	21	1	8	6	9	3	2	0	5	10	19	1	34	18	2	3	4	10
2013320	938	573	1	3	2	3	1	5	1	7	4	3	4	3	2	9	1	5	13	6	5	11	21	6	30	22	2	9	1	7	4	3	1	6	11	3	2	35	19	3	4	5	15
2013321	766	987	2	4	3	1	2	1	2	7	8	9	5	4	3	10	2	1	14	7	6	9	22	7	31	23	3	10	2	1	8	4	2	7	12	1	3	36	20	7	5	6	24
2013322	516	648	3	5	4	2	4	2	6	1	8	1	6	5	4	11	3	2	6	8	7	1	23	8	32	24	4	11	3	2	1	5	3	8	13	2	4	37	21	1	8	7	18
2013323	938	114	4	1	5	3	4	3	1	2	1	2	7	1	5	12	4	3	1	9	8	2	24	1	33	25	1	12	4	3	2	6	4	9	14	3	4	38	22	2	1	8	6
2013324	217	167	5	1	6	4	1	4	6	7	2	3	8	1	6	13	5	4	2	10	9	3	25	1	34	26	2	13	6	4	3	7	5	10	15	4	1	39	23	7	2	9	14
2013325	253	863	6	1	7	3	2	5	6	1	8	4	9	1	7	14	6	5	3	11	8	4	26	2	35	27	3	14	6	5	4	8	6	11	16	3	2	40	24	1	3	10	17
2013326	027	233	7	2	2	3	3	6	1	2	1	5	10	2	2	15	7	6	4	12	1	5	27	3	36	3	4	15	1	6	5	9	7	12	17	3	3	41	25	2	4	11	8
2013327	281	405	0	3	1	1	4	5	2	3	2	6	11	3	1	16	4	7	5	13	2	6	0	4	37	1	5	16	2	7	6	10	8	13	18	1	4	5	26	3	5	12	9
2013328	809	957	1	4	2	2	1	5	3	7	3	9	12	4	2	17	1	8	6	14	3	9	1	5	38	2	6	5	3	8	7	11	9	14	19	2	5	1	27	7	6	13	21
2013329	660	529	2	5	2	3	2	5	4	1	4	9	13	5	3	18	2	5	7	15	4	1	2	6	2	3	7	1	4	9	8	12	10	15	20	3	6	2	28	1	7	9	16
2013330	583	004	0	6	1	4	4	1	5	2	5	1	0	6	4	19	3	1	8	16	5	2	0	7	1	4	8	2	5	10	9	13	11	16	21	4	4	3	29	2	8	1	4
2013331	709	224	1	7	2	5	4	2	6	3	6	2	1	7	2	20	4	2	9	17	6	3	1	8	2	5	9	3	6	11	10	14	12	17	22	5	4	4	30	3	9	2	8
2013332	243	423	2	8	2	3	4	3	7	4	7	3	2	8	1	21	4	3	10	18	7	4	2	9	2	6	10	4	7	12	11	15	13	18	23	3	1	5	31	4	10	3	9
2013333	444	789	3	9	1	1	1	4	8	7	8	9	3	9	2	22	1	4	11	7	8	5	3	10	1	7	11	5	8	13	8	16	14	19	24	1	2	6	32	5	11	9	24
2013334	857	680	0	10	2	2	2	5	6	1	8	1	4	10	3	23	2	5	6	1	9	6	4	11	2	8	12	6	9	14	8	17	0	20	25	2	3	7	33	6	12	1	14
2013335	352	008	0	11	3	3	3	6	1	2	8	2	0	11	4	24	3	6	1	2	10	7	0	12	3	9	13	7	10	15	1	18	1	21	26	3	4	8	34	7	8	2	8
2013336	749	423	1	12	2	3	4	7	2	3	1	3	1	12	5	25	4	7	2	3	11	8	1	13	2	10	14	8	11	16	2	19	2	22	27	3	5	9	35	8	1	3	9
2013337	293	030	0	13	1	3	1	8	3	4	2	4	0	13	6	26	1	8	3	4	12	9	2	14	1	3	15	9	12	17	3	20	0	23	28	1	6	10	36	9	2	4	3
2013338	090	517	1	1	2	1	2	5	4	7	3	5	1	14	7	27	2	5	4	5	13	10	3	1	2	1	16	10	13	18	4	21	1	24	29	2	7	11	37	7	3	5	13
2013339	321	867	2	1	3	2	3	1	6	7	8	6	2	15	8	28	3	1	5	6	8	11	4	1	3	2	17	11	6	19	5	22	2	25	30	3	8	12	38	7	4	6	21
2013340	961	805	0	2	4	3	4	5	1	1	8	7	3	16	9	29	4	2	6	7	8	12	0	2	4	3	18	12	1	20	6	23	3	26	31	4	9	5	39	1	5	7	13
2013341	528	980	0	3	5	4	5	1	2	2	8	9	4	17	10	30	5	3	7	8	1	9	1	3	5	4	19	13	2	21	8	24	0	27	32	5	10	1	40	2	6	8	17
2013342	617	899	1	4	6	5	6	2	3	3	8	9	5	18	11	31	6	4	8	9	8	1	2	4	6	5	20	14	3	22	1	9	1	28	33	6	11	2	41	3	7	9	26
2013343	157	776	2	5	7	6	7	3	6	7	1	1	6	19	12	32	7	5	9	7	1	2	3	5	7	6	21	15	4	7	2	1	2	29	34	7	12	3	6	4	8	1	20
2013344	354	149	3	1	8	7	4	4	1	1	2	9	7	1	13	33	8	6	10	1	2	3	4	6	8	7	4	16	5	1	3	2	3	30	35	8	13	4	1	5	9	9	14
2013345	209	072	0	1	2	8	1	5	2	7	3	1	0	1	14	34	9	7	11	2	3	4	5	7	9	8	1	17	6	7	4	3	4	31	2	9	14	5	2	6	10	1	9
2013346	027	019	0	1	1	9	2	6	3	1	4	9	0	2	15	35	10	8	12	3	4	5	6	1	10	9	2	18	7	1	5	4	5	32	1	10	15	6	3	7	11	9	10
2013347	392	554	1	1	2	10	4	5	4	2	5	1	1	3	16	36	11	5	13	4	5	6	7	1	11	10	3	5	8	2	6	5	6	33	2	11	4	7	4	8	12	1	14
2013348	218	574	2	2	3	11	4	5	5	7	6	2	2	4	17	37	12	5	14	5	6	7	8	2	12	11	4	1	9	7	7	6	7	34	3	12	4	8	5	9	13	2	16
2013349	082	524	3	3	2	12	4	5	6	1	7	3	3	5	18	38	13	5	15	6	7	8	9	3	2	12	5	2	10	1	8	7	8	35	4	13	4	9	6	10	14	3	11
2013350	367	322	4	4	2	3	1	1	7	2	8	4	4	6	19	3	14	1	16	7	8	9	10	4	2	13	6	3	11	2	9	8	9	36	2	14	1	10	7	11	15	4	7
2013351	016	726	5	5	2	1	2	2	6	7	9	5	5	7	20	1	15	2	17	7	9	10	11	5	2	14	7	4	12	3	10	9	10	37	1	15	2	11	6	12	16	5	15
2013352	584	176	6	1	1	2	3	3	6	7	10	6	6	1	21	2	16	3	18	1	10	11	12	6	1	15	8	5	13	7	11	10	11	38	2	16	3	12	6	13	17	6	14
2013353	989	185	7	1	2	3	4	5	1	1	8	7	7	1	22	3	17	4	19	2	11	12	13	7	2	16	9	6	14	1	8	11	12	39	3	17	4	5	1	14	18	7	14
2013354	691	024	0	1	2	4	4	1	2	2	1	8	0	1	23	4	18	5	20	3	12	13	14	8	2	17	10	7	15	2	1	12	13	40	4	18	4	1	2	15	19	8	6
2013355	825	293	1	2	2	3	1	2	3	3	2	9	1	2	2	5	19	6	21	4	13	14	15	9	1	18	11	8	16	3	2	9	14	41	5	3	1	2	3	16	20	9	14
2013356	506	164	2	1	1	1	4	3	6	4	3	1	2	1	1	6	20	7	22	5	14	15	16	10	2	19	12	9	6	4	3	1	15	42	6	1	4	3	4	17	21	10	11
2013357	633	320	0	1	2	3	1	4	1	5	4	2	3	1	2	3	21	8	23	6	15	16	17	11	2	20	13	10	1	5	4	2	0	43	7	2	1	4	5	18	22	11	5
2013358	771	968	1	2	1	1	2	5	6	6	8	9	4	2	3	1	22	9	24	7	16	9	18	12	1	21	14	11	6	6	5	3	1	44	8	3	2	5	6	19	8	12	23