2014001	196	687	2	3	2	2	3	6	6	7	8	1	5	3	4	2	23	10	6	8	17	1	19	13	2	22	15	12	1	7	8	4	2	45	9	4	3	6	7	7	1	13	21
2014002	228	634	3	4	3	3	4	7	6	1	1	2	6	4	5	3	24	11	6	9	18	2	20	14	3	3	16	13	2	8	1	5	3	46	10	5	4	7	8	1	2	14	13
2014003	105	643	4	5	4	3	4	8	6	2	2	3	7	5	6	4	25	12	6	10	19	3	21	15	4	1	4	14	3	9	2	6	4	47	11	3	1	8	9	2	3	15	13
2014004	632	955	5	6	5	1	1	5	1	3	3	9	8	6	7	5	26	13	1	11	20	9	22	16	5	2	1	5	4	10	3	7	5	48	12	1	2	5	10	3	4	16	19
2014005	624	755	6	7	6	2	2	5	2	7	4	1	9	7	8	6	27	14	2	7	21	1	23	17	6	3	2	5	5	11	4	8	6	49	13	2	3	5	11	4	5	17	17
2014006	402	992	7	8	2	3	3	1	3	1	5	9	10	8	9	7	28	15	3	1	22	9	24	18	7	4	3	1	6	12	5	9	7	50	2	3	4	1	12	5	6	18	20
2014007	497	283	8	9	2	3	4	2	4	2	8	1	11	9	2	8	29	16	4	2	23	1	25	19	8	5	4	2	7	13	8	1	8	51	1	3	5	2	13	6	7	19	13
2014008	623	590	0	10	1	1	5	5	5	3	1	9	12	10	1	9	30	5	5	3	24	2	26	20	9	6	5	3	8	14	1	9	0	52	2	1	6	3	14	7	8	20	14
2014009	211	432	1	11	2	3	4	1	6	4	2	1	13	11	2	10	4	1	6	4	25	3	27	21	10	3	6	4	9	15	2	1	1	53	2	2	7	4	15	8	9	21	9
2014010	073	645	2	12	1	1	4	5	6	5	3	2	14	12	3	11	1	2	6	5	26	4	28	22	11	1	4	5	10	16	3	2	2	54	1	3	8	5	16	9	10	22	15
2014011	018	319	3	1	2	3	1	1	1	6	4	9	15	13	4	3	2	3	1	6	27	5	29	1	12	2	1	6	11	17	4	3	3	55	2	4	9	1	17	10	11	9	13
2014012	968	368	4	1	3	3	2	2	6	7	8	1	16	14	5	3	3	4	2	7	28	6	30	1	13	3	2	7	6	18	5	4	4	56	3	5	10	2	18	11	8	1	17
2014013	871	613	5	1	4	3	3	3	6	8	1	2	17	15	6	1	4	5	6	8	29	7	31	1	14	4	3	8	1	19	6	5	5	57	4	3	11	3	19	12	1	2	10
2014014	728	945	6	1	5	1	4	5	1	9	2	9	18	16	7	2	5	6	1	9	30	9	32	1	15	5	4	9	2	20	7	6	6	58	5	1	12	5	20	13	2	3	18
2014015	640	742	7	2	2	2	4	1	2	7	3	1	19	17	8	3	6	7	2	7	31	1	33	2	16	6	4	10	3	21	8	7	7	59	2	2	13	1	21	14	3	4	13
2014016	989	224	8	3	2	3	4	2	3	1	4	2	20	18	2	4	7	8	3	1	32	2	34	3	2	7	1	11	4	22	9	8	8	60	1	3	4	2	22	15	4	5	8
2014017	092	057	0	4	1	4	1	5	4	7	5	3	0	19	1	5	8	9	4	2	33	3	35	4	1	8	2	5	5	23	10	9	9	61	2	4	1	3	23	7	5	6	12
2014018	371	474	1	5	2	5	4	1	5	7	6	4	1	20	2	6	4	10	5	3	34	4	36	5	2	9	3	1	6	7	11	10	10	62	3	5	4	4	24	1	6	7	15
2014019	598	610	0	1	3	6	1	2	6	1	7	5	2	21	3	7	1	11	6	4	35	5	37	1	3	10	4	2	7	1	12	11	0	63	4	6	1	5	25	2	7	8	7
2014020	527	087	0	1	4	7	2	3	1	7	8	6	0	22	4	8	2	12	1	5	36	6	38	1	4	11	5	3	8	2	8	12	1	64	5	7	2	6	26	7	8	9	15
2014021	985	875	1	2	5	8	3	5	2	7	8	7	1	23	5	9	3	13	2	6	8	7	39	2	5	12	6	4	9	7	1	13	2	65	6	8	3	5	27	1	9	10	20
2014022	391	969	2	3	6	9	4	1	6	1	1	9	2	24	6	10	4	14	3	7	1	9	40	3	6	13	7	5	6	1	2	14	3	66	7	9	4	1	28	2	10	9	24
2014023	879	303	0	4	7	3	5	2	1	2	2	1	3	25	7	3	5	15	4	8	2	1	0	4	7	14	8	6	1	2	3	15	4	67	8	3	5	2	29	3	11	1	6
2014024	883	344	1	5	8	3	4	3	2	3	3	2	4	26	8	3	6	16	5	9	3	2	1	5	8	15	4	7	2	3	4	16	5	68	9	1	4	3	30	4	12	2	11
2014025	458	683	2	6	9	3	1	4	6	4	8	3	5	27	9	1	7	17	6	10	4	3	2	6	9	16	1	8	3	4	8	17	6	69	10	3	1	4	31	5	13	3	17
2014026	662	300	0	7	10	3	2	5	1	5	1	4	6	28	10	3	8	18	1	11	5	4	0	7	10	17	2	9	4	5	1	18	0	70	11	1	2	5	32	6	14	4	3
2014027	352	774	1	8	11	1	4	6	2	7	2	5	7	29	11	1	9	19	2	7	6	5	1	8	11	18	3	10	5	7	2	19	1	71	12	2	4	6	33	7	15	5	18
2014028	198	805	0	9	12	2	1	5	3	1	8	6	8	30	12	2	10	20	3	1	8	6	0	9	12	19	4	11	6	1	3	20	2	72	13	3	1	5	34	8	16	6	13
2014029	744	618	1	1	13	3	2	1	6	2	8	7	9	31	13	3	11	21	6	2	1	7	1	1	13	20	5	12	7	2	4	21	3	73	14	4	2	1	35	9	8	7	15
2014030	021	488	2	1	14	4	4	2	1	3	8	8	10	32	14	4	4	22	1	3	2	8	2	1	14	21	6	13	8	3	8	22	4	74	15	5	3	2	36	10	8	8	20
2014031	842	204	0	2	2	5	4	3	2	4	1	9	11	33	2	5	1	23	2	4	3	9	0	2	15	22	7	14	9	4	1	23	5	75	16	6	4	3	37	11	1	9	6
2014032	732	256	1	3	2	6	1	5	6	5	2	10	12	34	2	6	2	24	3	5	4	10	1	3	16	23	8	5	10	5	2	24	6	76	17	7	1	4	6	12	2	10	13
2014033	452	444	2	4	1	7	4	1	1	6	3	11	13	35	1	7	4	25	4	6	5	11	2	4	17	24	4	1	11	6	3	25	7	77	18	8	4	5	1	13	3	11	12
2014034	657	335	3	5	2	3	1	5	2	7	4	12	14	36	2	3	1	26	5	7	6	12	3	5	18	3	1	2	12	7	4	26	8	78	19	9	1	5	2	14	4	12	11
2014035	303	723	4	6	2	3	2	1	3	7	5	13	15	37	3	1	2	27	6	7	7	13	4	6	2	1	2	3	13	8	5	27	9	79	20	3	2	1	3	15	5	13	12
2014036	667	630	0	7	1	3	3	2	6	1	6	14	16	38	4	2	3	28	6	1	8	14	5	7	1	3	3	4	14	9	6	28	0	80	21	1	3	2	4	16	6	14	9
2014037	205	809	0	8	2	1	4	3	1	2	8	9	17	39	5	3	4	29	1	2	8	15	0	8	2	1	4	5	15	10	7	29	1	81	22	2	4	3	5	17	7	9	17
2014038	765	004	0	9	3	2	4	4	2	3	1	1	0	40	6	4	5	30	2	3	1	16	0	9	3	2	5	6	16	11	8	30	2	82	23	3	4	4	6	18	8	1	4
2014039	323	478	1	10	4	3	4	5	3	7	8	2	1	41	7	5	4	31	3	4	2	17	1	10	4	3	6	7	17	7	9	31	3	83	24	4	1	5	7	19	8	2	19
2014040	847	068	0	11	5	4	1	6	6	1	8	3	0	42	8	6	1	32	4	5	3	18	2	11	5	4	7	8	6	1	10	32	4	84	25	5	2	6	8	20	8	3	14
2014041	898	702	0	12	2	5	2	7	1	7	1	4	1	43	9	7	2	33	5	7	4	19	0	12	6	5	8	9	1	2	11	33	5	85	2	6	3	7	9	21	1	4	9
2014042	731	156	1	1	1	6	3	5	6	1	2	5	2	1	10	8	3	34	6	1	5	20	1	13	7	6	9	5	2	3	12	34	6	86	1	7	4	8	6	22	2	5	12
2014043	724	854	2	1	2	7	4	5	1	2	8	6	3	1	11	9	4	35	7	2	8	21	2	14	8	7	10	5	3	4	13	35	7	87	2	8	4	9	1	23	3	6	17
2014044	388	585	3	2	3	8	1	5	2	3	8	7	4	2	12	10	5	5	8	3	1	22	3	15	9	8	11	1	4	5	8	36	8	88	3	9	1	5	2	24	4	7	18
2014045	570	236	4	3	2	3	2	1	6	4	1	8	5	3	2	11	6	1	9	4	2	23	4	16	10	3	12	2	5	6	1	37	9	89	4	10	2	1	6	25	5	8	11
2014046	967	248	5	4	2	1	4	2	1	5	8	9	6	4	2	12	7	2	10	5	3	24	5	17	11	1	4	3	6	7	2	38	10	90	5	11	3	2	1	26	8	9	14
2014047	077	903	0	5	1	3	1	3	2	6	1	9	7	5	1	13	8	3	11	6	4	9	0	18	12	2	1	4	7	8	3	39	11	91	6	3	4	3	2	27	1	10	12
2014048	807	214	1	1	2	1	4	4	3	7	2	1	8	6	2	14	9	4	12	7	5	1	1	1	13	3	2	5	8	9	4	40	12	92	7	1	4	4	3	28	2	11	7
2014049	552	392	2	1	2	3	1	5	4	8	3	9	9	7	1	3	10	5	13	8	6	2	2	1	14	4	3	6	9	10	5	9	13	93	2	2	1	5	4	29	3	12	14
2014050	237	757	3	2	1	1	2	5	5	7	4	1	10	8	2	1	11	6	14	7	7	3	3	2	15	5	4	5	10	11	6	1	14	94	1	3	2	6	5	7	4	13	19
2014051	107	310	0	1	2	3	3	1	6	1	5	2	11	9	3	3	12	7	15	1	8	4	4	1	16	6	5	1	11	12	7	2	0	95	2	4	3	7	6	1	5	14	4
2014052	036	793	1	1	3	3	4	2	7	7	6	9	12	10	4	1	13	8	16	7	9	5	5	1	17	7	6	2	12	13	8	9	1	96	3	3	4	8	7	2	6	15	19
2014053	086	700	0	2	4	1	5	3	8	7	7	1	13	11	5	2	14	9	17	7	10	6	0	2	18	8	7	3	13	14	9	1	0	97	4	1	5	9	8	3	7	16	7
2014054	191	257	1	3	2	2	6	5	9	7	8	2	14	12	2	3	15	10	18	1	11	7	1	3	19	9	8	5	14	15	10	2	1	98	5	2	6	10	9	7	8	17	14
2014055	471	761	2	1	1	3	7	1	6	7	9	3	15	13	1	4	16	11	19	7	12	8	2	4	20	10	9	1	6	16	11	3	2	1	6	3	7	11	10	1	9	18	14
2014056	168	386	3	1	2	3	8	2	6	1	8	4	16	14	2	3	17	12	20	1	13	9	3	5	21	11	10	2	1	17	8	4	3	1	7	4	8	12	6	2	10	19	17
2014057	805	502	0	2	2	1	9	5	1	2	1	5	17	15	3	1	18	5	21	2	14	10	0	6	22	12	11	3	2	18	1	5	4	2	2	5	9	13	1	3	11	20	7
2014058	058	210	0	1	2	2	10	1	2	3	2	6	18	16	2	2	19	1	22	3	15	11	1	1	23	13	12	4	3	19	2	6	0	3	1	6	10	14	2	4	12	21	3
2014059	696	871	1	1	1	3	11	2	3	7	8	7	19	17	1	3	20	2	23	4	8	12	2	1	24	14	13	5	4	7	3	7	1	1	2	7	11	15	3	5	13	22	16
2014060	162	977	2	1	2	4	12	3	4	7	1	9	20	18	2	4	21	3	24	5	1	9	3	2	25	15	14	6	5	7	4	8	2	1	3	8	12	16	4	7	14	23	23
2014061	825	819	3	1	3	5	13	4	5	1	8	9	21	19	3	5	22	4	25	6	8	1	4	1	26	16	15	7	6	1	5	9	3	2	4	9	13	17	5	1	15	9	18
2014062	193	300	0	1	4	3	14	5	6	2	1	1	22	20	4	3	23	5	26	7	1	2	0	1	27	17	16	8	7	2	6	10	0	3	5	10	14	18	6	2	16	1	3
2014063	679	742	1	2	2	1	4	6	7	7	2	2	23	21	5	1	24	6	27	7	2	3	1	2	28	18	4	9	8	3	7	11	1	4	2	11	15	19	7	3	17	2	13
2014064	268	361	2	1	1	3	1	7	6	1	3	3	24	22	6	3	25	7	28	1	3	4	2	3	29	19	1	10	6	4	8	12	2	1	1	12	16	20	8	4	18	3	10
2014065	114	208	0	1	2	1	2	8	1	2	8	4	25	23	2	1	26	8	29	2	4	5	0	4	30	20	2	11	1	5	9	13	3	1	2	13	17	21	9	5	8	4	10
2014066	469	693	1	2	1	3	3	9	6	3	1	9	26	24	1	2	27	9	6	3	5	6	1	5	31	21	3	12	2	6	10	9	4	2	3	3	18	22	10	6	1	5	18
2014067	503	072	0	3	2	1	4	10	1	7	2	1	0	25	2	3	28	10	1	4	6	7	2	6	32	22	4	13	3	7	11	1	5	3	2	1	19	23	11	7	2	6	9
2014068	479	968	1	4	1	2	5	11	6	1	8	9	1	26	3	4	29	11	2	5	7	9	3	7	33	23	5	14	6	1	12	2	6	4	1	2	20	24	12	8	8	7	23
2014069	649	652	2	5	2	3	6	5	6	2	1	1	2	27	4	5	30	12	6	6	8	1	4	8	34	24	6	5	1	2	13	3	7	5	2	3	21	25	13	9	1	8	13
2014070	673	911	3	1	1	4	7	1	1	3	2	9	3	28	5	6	31	13	1	7	9	9	5	1	35	25	7	1	2	3	14	4	8	1	1	4	22	26	14	10	2	9	11
2014071	642	537	4	1	2	3	8	5	2	7	3	1	4	29	6	7	32	5	2	8	10	1	6	1	36	3	8	2	3	4	15	5	9	1	2	5	23	27	15	7	3	10	15
2014072	494	662	5	2	2	1	9	1	6	1	4	2	5	30	7	8	33	1	6	9	11	2	7	2	37	1	9	3	6	5	16	6	10	2	2	6	24	28	16	1	4	11	14
2014073	135	036	0	3	1	3	10	2	6	2	5	3	0	31	8	9	34	2	1	10	12	3	8	3	38	3	10	4	1	6	17	7	11	3	1	7	25	29	6	2	5	12	9
2014074	465	921	1	1	2	1	11	3	1	3	6	9	1	32	9	10	35	3	2	11	13	9	9	4	2	1	11	5	2	7	18	8	12	1	2	8	26	30	1	3	6	13	12
2014075	724	146	2	1	1	2	4	4	6	4	7	1	2	1	10	11	36	4	3	12	14	1	10	5	1	2	4	6	3	8	19	9	13	1	3	9	27	31	6	4	7	14	11
2014076	958	559	3	1	2	3	1	5	1	5	8	9	3	1	11	12	37	5	4	13	15	2	11	6	2	3	1	5	4	9	20	10	14	2	4	10	28	32	1	5	8	9	19
2014077	666	712	4	1	2	4	2	1	2	7	9	1	4	2	12	13	38	1	5	7	16	3	12	1	3	4	2	1	5	10	21	11	15	3	2	11	29	33	2	6	9	1	10
2014078	090	630	0	1	1	3	3	2	6	1	10	2	5	3	13	14	39	2	6	1	17	4	13	1	4	3	3	2	6	11	22	12	0	4	1	12	30	34	3	7	10	2	9
2014079	534	206	0	2	2	1	4	3	6	2	11	3	6	4	2	15	40	3	1	2	18	5	0	2	5	1	4	3	7	12	23	13	1	5	2	13	31	35	6	8	11	3	8
2014080	763	670	0	3	1	2	5	4	6	7	12	4	7	5	1	16	41	4	6	3	19	6	1	3	6	2	5	4	8	7	24	14	0	6	3	14	32	36	1	9	12	4	13
2014081	703	544	1	4	2	3	4	5	1	1	13	5	8	6	2	17	42	5	1	4	20	7	2	4	7	3	4	5	9	1	25	15	1	7	4	15	4	37	2	10	13	5	13
2014082	132	934	2	5	3	3	4	1	2	2	14	9	9	7	3	18	43	1	2	5	21	9	3	5	8	3	1	6	10	2	26	16	2	8	5	16	4	38	3	11	14	6	16
2014083	713	521	3	1	2	1	1	5	3	3	15	1	10	8	4	19	44	5	3	6	22	1	4	6	2	1	2	7	11	3	27	17	3	1	6	17	1	39	4	12	15	7	8
2014084	461	558	4	1	1	2	2	5	4	4	8	2	11	9	5	20	45	5	4	7	23	2	5	7	1	2	3	5	12	4	28	18	4	1	7	18	2	40	5	13	8	8	18
2014085	075	623	5	2	2	3	3	1	6	5	1	3	12	10	6	21	46	1	6	8	24	3	6	8	2	3	4	1	13	5	29	19	5	2	8	3	3	41	6	14	1	9	11
2014086	917	056	0	3	1	1	4	5	6	6	2	4	0	11	7	22	47	2	1	9	25	4	7	9	1	4	5	5	14	6	30	20	6	3	9	1	4	42	6	15	2	10	11
2014087	441	030	0	4	2	3	5	1	1	7	3	5	0	12	8	23	48	3	2	10	26	5	8	10	2	3	6	1	15	7	31	21	0	4	10	2	5	43	1	16	3	11	3
2014088	169	404	0	5	3	1	4	2	2	8	4	6	1	13	9	24	4	4	3	11	27	6	0	11	3	1	7	2	16	8	32	22	1	5	11	3	4	44	2	17	4	12	8
2014089	840	506	0	6	4	2	1	5	6	9	5	7	2	14	10	25	1	5	4	12	28	7	0	12	4	2	8	3	17	9	33	23	2	6	12	4	1	45	6	18	5	13	11
2014090	828	482	1	7	2	3	4	1	1	10	8	8	3	15	11	26	4	1	5	13	29	8	1	13	5	3	9	4	18	10	8	24	3	7	2	5	2	46	1	19	6	14	14
2014091	251	495	2	8	1	4	4	5	2	11	1	9	4	16	12	27	4	2	6	14	30	9	2	14	6	4	10	5	19	11	1	9	4	8	1	6	3	5	2	20	7	15	18
2014092	175	303	0	9	2	3	1	1	3	12	2	1	5	17	13	3	1	3	7	15	31	10	0	15	7	5	11	6	20	12	2	1	5	9	2	3	4	1	3	21	8	16	6
2014093	969	998	1	10	3	1	2	2	4	13	8	9	6	18	14	1	2	4	8	16	32	9	1	16	8	6	12	7	21	13	3	9	6	10	3	1	5	2	4	22	8	17	26
2014094	938	285	2	11	2	2	3	5	5	14	8	1	7	19	2	2	3	5	9	17	33	1	2	17	9	7	13	8	22	14	8	1	7	11	4	2	6	5	5	23	1	18	15
2014095	910	553	3	12	1	3	4	5	6	15	1	2	8	20	1	3	4	5	10	18	34	2	3	18	10	8	14	5	23	15	1	2	8	12	5	3	7	1	6	24	2	19	13
2014096	827	738	4	13	2	3	5	1	7	7	8	3	9	21	2	4	5	1	11	7	35	3	4	19	11	3	15	1	24	16	2	3	9	13	6	1	8	2	7	25	8	20	18
2014097	097	389	5	14	3	3	6	2	8	1	8	9	10	22	3	3	6	2	12	1	36	4	5	20	12	1	16	2	25	17	8	4	10	14	7	2	9	3	8	26	1	9	20
2014098	245	548	6	15	4	1	4	5	9	2	8	1	11	23	4	1	7	5	13	2	37	5	6	21	13	2	4	3	26	18	1	5	11	15	8	3	10	4	9	27	8	1	17
2014099	092	286	7	16	2	2	1	1	6	3	8	2	12	24	2	2	8	1	14	3	38	6	7	22	14	3	1	4	27	19	8	6	12	16	9	4	11	5	6	28	1	2	16
2014100	720	170	0	1	1	3	2	2	1	7	1	3	13	1	1	3	9	2	15	4	39	7	8	23	15	4	2	5	28	7	1	7	0	17	10	5	12	6	1	29	2	3	8
2014101	380	892	1	1	2	4	3	3	2	1	8	9	14	1	2	4	10	3	16	5	8	8	9	24	16	5	3	6	29	1	2	9	1	18	2	6	13	7	2	30	3	4	19
2014102	747	352	2	2	2	3	4	5	3	2	1	1	15	2	3	3	11	4	17	6	1	9	10	25	17	6	4	5	30	2	3	1	2	19	2	7	14	8	3	31	4	5	10
2014103	345	250	0	3	2	1	5	5	4	3	2	2	16	3	2	1	12	5	18	7	2	10	11	26	18	7	5	5	31	3	4	2	0	20	1	8	15	9	4	32	5	6	7
2014104	365	957	1	4	1	2	6	5	5	7	3	9	17	4	1	2	13	6	19	8	3	9	12	27	19	8	6	5	32	4	5	3	1	21	2	9	16	10	5	7	6	7	21
2014105	219	613	2	1	2	3	7	1	6	1	4	1	18	5	2	3	14	7	6	9	4	1	13	1	20	9	7	1	33	5	6	4	2	22	3	3	17	11	6	1	7	8	10
2014106	572	970	0	1	3	1	8	2	1	7	5	9	19	6	3	4	15	8	1	10	5	9	14	1	21	10	8	2	34	7	7	5	0	23	4	1	18	12	7	2	8	9	16
2014107	716	669	1	2	4	2	9	3	6	1	6	9	20	7	4	5	16	9	6	11	6	1	15	2	22	11	9	3	6	1	8	6	1	24	5	2	19	13	8	3	9	9	21
2014108	134	960	0	3	5	3	10	4	6	2	7	9	21	8	5	6	17	10	1	12	7	9	16	3	23	12	10	4	6	2	9	7	0	25	6	3	20	14	9	4	10	1	15
2014109	445	965	1	4	6	4	11	5	6	3	8	9	22	9	6	7	18	11	2	13	8	9	17	4	24	13	11	5	6	3	10	8	1	26	7	4	21	5	10	5	11	2	20
2014110	624	768	2	5	7	5	12	1	6	7	8	1	23	10	7	8	19	12	3	7	9	1	18	5	25	14	12	6	6	4	11	9	2	27	8	5	22	1	11	6	8	3	21
2014111	624	487	3	6	8	6	4	2	1	7	8	2	24	11	8	9	4	13	4	1	10	2	19	6	26	15	13	7	1	5	8	10	3	28	9	6	23	2	12	7	1	4	19
2014112	013	429	4	7	2	7	4	3	2	1	1	9	25	12	9	10	4	14	5	2	11	3	20	7	2	16	14	8	2	6	1	11	4	29	10	7	24	3	13	1	2	9	15
2014113	850	124	5	1	2	8	4	4	3	2	2	1	26	1	10	11	1	15	6	3	12	4	21	8	2	17	15	9	3	7	2	12	5	30	11	8	4	4	14	2	3	1	7
2014114	441	243	6	1	2	3	4	5	4	3	3	2	27	1	2	12	2	16	7	4	13	5	22	9	1	18	4	10	4	8	3	13	6	31	12	3	1	5	15	3	4	2	9
2014115	720	645	7	2	1	1	4	5	6	4	4	3	28	2	1	13	3	17	6	5	14	6	23	10	2	19	4	11	5	9	4	14	7	32	13	1	2	5	16	4	5	3	15
2014116	880	910	0	1	2	2	1	1	1	5	5	9	29	3	2	14	4	18	1	6	15	9	24	1	3	20	1	12	6	10	5	15	0	33	14	2	3	1	17	5	6	4	10
2014117	382	829	1	1	2	3	2	2	2	6	8	9	30	4	3	15	5	19	2	7	8	1	25	1	2	21	2	13	7	11	6	16	1	34	15	3	4	2	18	6	7	9	19
2014118	588	182	2	1	2	4	3	3	3	7	8	1	31	1	4	16	6	20	3	8	1	2	26	2	1	22	3	14	8	12	8	17	2	35	2	4	5	3	19	7	8	1	11
2014119	961	383	3	1	1	3	4	4	4	8	8	2	32	1	5	3	7	21	4	9	2	3	27	3	2	23	4	15	9	13	8	18	3	36	1	3	6	4	20	8	9	2	14
2014120	885	758	4	2	2	1	5	5	5	7	8	3	33	2	6	1	8	22	5	7	3	4	28	4	3	24	5	5	10	14	1	19	4	37	2	1	7	5	21	9	8	3	20
2014121	638	743	5	3	3	3	4	1	6	7	1	4	34	3	7	2	9	23	6	7	4	5	29	5	4	25	4	1	11	15	2	20	5	38	3	3	8	6	22	10	1	4	14
2014122	679	499	6	4	4	1	4	2	7	1	2	9	35	4	8	3	4	24	7	1	5	6	30	6	5	26	1	2	12	16	3	9	6	39	4	1	9	7	23	11	2	9	22
2014123	029	315	7	1	5	3	1	5	8	2	3	1	36	5	9	3	1	25	8	2	6	7	31	1	6	27	2	3	13	17	4	1	7	40	5	2	10	5	24	12	3	1	9
2014124	771	701	0	1	6	1	2	1	9	7	4	2	37	6	10	1	2	26	9	7	7	8	0	1	7	28	3	4	14	18	5	2	8	1	6	3	11	1	25	13	4	2	8
2014125	016	852	1	1	2	2	3	5	10	1	8	3	38	7	11	2	3	27	10	1	8	9	1	2	8	29	4	5	15	19	6	3	9	1	2	4	12	2	26	14	5	3	15
2014126	111	588	2	2	1	3	4	5	11	2	8	4	39	8	12	3	4	5	11	2	1	10	2	3	9	30	5	1	16	20	8	4	10	2	1	5	13	3	27	15	8	4	21
2014127	500	341	3	1	2	3	4	1	12	3	1	5	40	9	13	3	5	1	12	3	2	11	3	4	10	31	4	2	17	21	1	5	11	1	2	6	14	4	28	16	1	5	8
2014128	024	780	0	1	3	1	1	2	13	7	8	6	41	10	14	1	6	2	13	7	3	12	4	5	11	32	1	3	18	22	8	6	0	1	3	7	15	5	29	17	2	6	15
2014129	834	145	1	1	4	2	4	5	14	1	1	7	42	1	15	2	7	3	14	1	4	13	5	6	12	33	4	4	19	23	1	7	1	2	4	8	16	5	30	18	3	7	10
2014130	019	211	2	1	2	3	1	1	15	2	2	8	43	1	2	3	8	4	15	2	5	14	6	1	13	34	1	5	20	24	2	8	2	1	5	9	17	1	31	19	4	8	4
2014131	669	870	0	1	1	4	2	2	16	7	8	9	44	2	1	4	9	5	16	3	8	15	7	1	14	35	2	6	21	7	3	9	0	1	6	10	18	2	32	20	5	9	15
2014132	925	139	1	1	2	3	3	3	17	1	1	9	45	1	2	5	10	6	17	4	1	16	8	2	15	3	3	7	22	1	4	10	1	2	7	11	19	3	33	21	6	9	13
2014133	191	650	0	1	3	1	4	5	6	2	2	1	46	1	3	6	11	7	6	5	2	17	9	3	16	1	4	5	23	2	5	11	0	3	8	12	20	4	34	22	7	1	11
2014134	921	085	0	2	4	2	5	5	1	3	8	2	0	2	4	7	12	8	1	6	3	18	10	4	17	2	5	1	24	3	8	12	1	4	9	13	21	5	35	23	8	2	13
2014135	067	409	0	3	5	3	4	1	2	4	1	9	1	3	5	8	4	9	2	7	4	19	0	5	18	3	6	2	25	4	1	13	2	5	10	14	22	1	36	24	9	9	13
2014136	140	840	0	4	6	4	4	2	3	5	8	1	2	4	6	9	1	10	3	8	8	20	1	6	19	4	4	3	26	5	2	14	0	6	11	15	23	2	37	25	10	1	12
2014137	895	169	1	1	7	5	1	3	6	6	1	9	3	1	7	10	2	11	4	9	1	21	2	7	20	5	1	4	6	6	3	15	1	7	12	16	24	3	38	26	11	9	16
2014138	499	587	2	1	8	6	2	5	1	7	8	1	4	1	8	11	3	5	5	10	2	22	3	8	21	6	2	5	1	7	8	16	2	8	13	17	25	4	39	7	12	1	20
2014139	870	764	3	2	9	7	4	1	6	7	1	2	5	2	9	12	4	1	6	7	3	23	4	9	22	7	3	6	6	8	1	17	3	9	14	18	4	5	40	1	13	2	17
2014140	961	901	0	1	10	8	1	2	1	1	2	9	6	3	10	13	5	2	7	1	4	9	0	10	23	8	4	7	1	9	2	18	4	1	15	19	1	6	41	2	14	3	10
2014141	658	921	1	1	2	9	2	3	2	2	3	9	7	4	11	14	6	3	8	2	5	9	1	11	2	9	5	8	2	10	3	19	5	1	16	20	2	7	42	3	15	4	12
2014142	111	594	2	1	1	10	4	5	3	3	4	9	8	5	12	15	7	5	9	3	6	1	2	12	1	10	6	9	3	11	4	9	6	1	17	21	4	8	43	4	16	5	18
2014143	826	244	3	2	2	11	4	1	4	4	5	1	9	6	2	16	8	1	10	4	7	2	3	13	2	11	4	10	4	12	5	1	7	2	18	22	4	9	44	5	17	6	10
2014144	655	077	0	3	1	12	1	2	5	7	6	2	0	7	1	17	9	2	11	5	8	3	4	14	3	12	1	11	5	7	6	2	8	3	19	23	1	10	45	7	18	7	14
2014145	553	612	1	1	2	13	2	3	6	1	7	3	1	8	2	18	10	3	6	6	9	4	5	1	4	13	2	12	6	1	7	3	9	4	2	24	2	11	46	1	19	8	9
2014146	245	367	2	1	1	3	3	4	6	7	8	4	2	9	3	3	11	4	1	7	10	5	6	1	5	14	3	13	6	2	8	4	10	5	1	25	3	12	47	7	20	9	16
2014147	082	578	3	2	2	1	4	5	1	7	8	5	3	10	4	1	12	5	2	8	11	6	7	2	6	15	4	14	1	7	9	5	11	6	2	26	4	13	48	1	8	10	20
2014148	704	180	0	1	3	2	5	1	2	1	8	6	4	1	5	2	13	1	3	9	12	7	8	3	7	16	5	15	2	1	8	6	0	7	3	27	5	14	49	2	1	11	9
2014149	484	262	1	1	2	3	6	2	6	2	1	7	5	1	2	3	14	2	4	10	13	8	9	4	8	17	6	16	6	2	1	7	1	8	2	28	6	15	50	3	2	12	10
2014150	578	107	0	1	1	4	7	3	1	7	2	8	6	1	1	4	15	3	5	11	14	9	0	5	9	18	7	17	1	3	2	8	2	9	1	29	7	16	51	7	3	13	8
2014151	325	391	1	1	2	3	8	4	2	1	3	9	7	1	2	3	16	4	6	12	15	10	1	6	10	19	8	18	2	4	3	9	3	1	2	30	8	17	52	1	4	14	13
2014152	200	821	2	1	2	1	9	5	3	2	8	1	8	2	3	1	17	5	7	13	8	11	2	7	2	20	9	19	3	5	4	1	4	1	3	31	9	18	53	2	5	15	11
2014153	950	392	3	1	2	3	10	6	4	3	1	9	9	3	4	3	18	6	8	14	1	12	3	8	1	21	10	20	4	6	5	9	5	1	2	32	10	19	54	3	6	16	14
2014154	065	115	4	1	1	1	11	5	5	4	2	1	10	1	5	1	19	7	9	15	2	13	4	1	2	22	11	21	5	7	6	1	6	2	1	33	11	5	55	4	7	17	7
2014155	688	677	5	1	2	2	12	1	6	7	3	2	11	1	6	2	20	8	6	16	3	14	5	1	3	23	12	22	6	7	7	2	7	3	2	34	12	1	56	7	8	18	20
2014156	195	419	6	1	3	3	4	2	1	1	4	9	12	2	7	3	4	9	1	17	4	15	6	1	4	24	13	23	7	1	8	3	8	4	3	35	13	2	57	1	9	9	14
2014157	337	575	7	1	4	4	1	5	2	7	5	1	13	3	8	4	1	5	2	18	5	16	7	1	5	25	14	24	8	7	9	4	9	5	4	36	14	5	58	2	10	1	17
2014158	535	411	8	1	5	5	4	1	3	1	6	2	14	4	9	5	4	1	3	19	6	17	8	1	6	26	15	25	9	1	10	5	10	1	5	37	15	1	59	3	11	2	6
2014159	118	312	9	1	2	3	1	2	4	2	7	3	15	5	10	3	1	2	4	20	7	18	9	1	7	27	16	26	10	2	11	6	11	1	2	38	16	2	60	4	12	3	6
2014160	903	045	0	1	1	1	4	5	5	3	8	4	0	6	11	1	2	3	5	21	8	19	10	1	8	28	4	27	11	3	12	7	12	2	1	39	17	5	61	5	13	4	9
2014161	986	946	1	2	2	2	4	1	6	4	9	9	1	7	12	2	3	4	6	22	9	9	11	2	9	29	4	28	12	4	13	8	13	3	2	40	18	1	6	6	14	5	19
2014162	823	587	2	3	3	3	1	5	1	7	8	1	2	8	13	3	4	5	7	23	10	1	12	3	10	30	1	29	13	5	8	9	14	4	3	41	19	2	1	7	15	6	20
2014163	980	668	3	4	4	4	2	1	6	1	8	2	3	9	14	4	5	1	6	24	11	2	13	4	11	31	2	30	6	6	1	10	15	5	4	42	20	3	2	1	8	7	20
2014164	978	341	4	1	5	3	4	2	1	2	1	3	4	10	15	3	6	2	1	25	12	3	14	5	12	32	4	31	1	7	2	11	16	1	5	43	21	4	3	2	1	8	8
2014165	479	466	5	1	6	1	4	3	6	3	2	4	5	11	16	1	4	3	2	26	13	4	15	6	13	33	1	32	6	8	3	12	17	1	6	44	22	5	6	3	2	9	16
2014166	756	316	6	1	7	3	1	4	6	4	3	5	6	12	17	3	1	4	3	27	14	5	16	1	14	34	2	33	1	9	4	13	18	2	7	45	23	6	6	4	3	10	10
2014167	607	986	7	1	8	1	2	5	6	5	8	9	7	13	18	1	2	5	4	28	15	9	17	1	15	35	3	34	2	10	8	14	19	3	8	46	24	7	6	5	4	11	23
2014168	276	481	8	1	9	2	4	6	1	6	8	1	8	14	19	2	4	6	5	29	16	1	18	2	16	36	4	35	3	11	8	15	20	1	9	47	25	8	1	6	5	12	13
2014169	558	279	9	1	2	3	1	7	2	7	1	9	9	15	2	3	1	7	6	30	17	2	19	3	17	37	5	36	4	7	1	16	21	1	10	48	26	9	2	7	6	9	18
2014170	854	630	0	2	1	3	2	8	6	1	2	1	10	16	1	4	2	8	6	31	18	3	20	4	18	3	6	37	5	1	2	17	0	2	11	49	27	10	3	8	7	1	9
2014171	179	631	1	1	2	3	3	9	6	2	3	2	11	17	2	5	3	9	6	32	19	4	21	5	19	3	7	38	6	2	3	18	1	1	12	50	28	11	4	9	8	2	10
2014172	206	843	2	1	3	3	4	10	1	3	8	3	12	18	3	6	4	10	1	33	8	5	22	6	20	1	4	39	7	3	4	19	2	1	13	3	29	12	5	10	9	3	15
2014173	008	359	3	2	4	3	1	5	2	4	1	9	13	19	4	3	5	11	2	34	1	6	23	7	21	2	1	5	8	4	5	20	3	2	14	1	30	13	6	11	10	9	17
2014174	517	659	4	3	5	1	2	5	6	5	2	9	14	20	5	1	6	12	6	35	2	7	24	8	22	3	2	5	9	5	6	21	4	3	15	2	31	14	7	12	11	9	20
2014175	311	347	5	4	6	3	4	1	1	7	3	1	15	21	6	3	7	13	1	36	3	8	25	9	23	4	4	1	10	6	7	22	5	4	16	3	32	15	8	7	12	1	14
2014176	505	685	6	5	7	1	1	5	6	1	8	2	16	22	7	1	8	14	6	37	4	9	26	10	24	5	1	2	11	7	8	23	6	5	17	4	33	5	9	1	13	2	19
2014177	521	260	0	6	2	2	2	1	6	2	1	3	17	23	2	2	9	15	1	38	5	10	27	11	25	6	2	3	6	8	1	24	0	6	18	5	34	1	10	2	14	3	8
2014178	775	077	0	7	1	3	3	2	1	7	2	4	0	24	1	3	10	16	2	39	6	11	28	12	26	7	3	4	1	7	2	25	1	7	19	6	35	2	11	7	15	4	14
2014179	115	130	0	1	2	3	4	3	2	1	3	5	1	1	2	4	11	17	3	40	7	12	29	13	27	3	4	5	2	1	3	26	0	8	20	7	36	3	12	1	16	5	4
2014180	239	199	1	1	3	1	5	4	3	2	4	9	2	1	3	5	12	18	4	41	8	13	30	14	28	1	5	6	3	2	4	9	1	9	21	8	37	4	13	2	17	9	19
2014181	311	806	0	1	4	2	6	5	6	3	8	1	3	1	4	6	13	19	5	42	8	14	0	15	29	2	6	7	4	3	5	1	2	10	22	9	38	5	6	3	18	1	14
2014182	965	804	0	2	5	3	4	6	1	4	8	2	4	2	5	7	14	20	6	43	8	15	0	16	30	3	7	8	5	4	6	2	3	11	23	10	4	6	1	4	19	2	12
2014183	291	987	1	3	6	4	1	7	2	7	8	9	5	3	6	8	15	21	7	44	1	9	1	17	31	4	8	9	6	5	8	3	4	12	24	11	1	7	2	7	20	3	24
2014184	447	397	2	4	7	3	2	8	3	7	1	9	6	4	7	3	16	22	8	45	2	1	2	18	32	5	9	10	7	6	1	9	5	13	25	12	2	8	3	7	21	4	19
2014185	882	636	3	5	8	3	3	9	6	1	2	1	7	5	8	1	17	23	6	46	3	2	3	19	33	3	10	11	8	7	2	1	6	14	26	13	3	9	6	1	22	5	15
2014186	359	284	4	6	2	1	4	10	1	2	8	2	8	6	2	2	18	24	1	47	4	3	4	20	34	1	11	12	9	8	8	2	7	15	27	14	4	10	1	2	23	6	14
2014187	502	876	5	7	1	2	1	11	6	7	8	3	9	7	1	3	19	25	2	48	8	4	5	21	35	2	12	13	10	7	1	3	8	16	28	15	1	11	6	3	24	7	21
2014188	216	965	6	8	2	3	2	5	6	1	1	9	10	8	2	4	20	26	3	49	1	9	6	22	36	3	13	14	6	1	2	4	9	17	29	16	2	5	1	4	25	8	20
2014189	932	858	7	9	3	4	3	5	1	2	8	1	11	9	3	5	21	27	4	50	8	1	7	23	37	4	14	5	1	2	3	5	10	18	30	17	3	1	2	5	8	9	21
2014190	922	597	8	10	4	5	4	5	2	7	1	9	12	10	4	6	22	5	5	51	1	2	8	24	38	5	15	1	2	3	4	9	11	19	31	18	4	2	3	7	1	10	21
2014191	331	411	9	1	5	6	4	1	3	1	2	1	13	11	5	7	4	1	6	52	2	3	9	1	39	6	16	2	3	4	5	1	12	1	32	19	5	3	4	1	2	11	6
2014192	156	208	0	1	2	7	1	2	4	2	8	2	14	12	2	8	1	2	7	53	3	4	0	1	40	7	17	3	4	5	6	2	13	1	33	20	6	4	5	2	8	12	10
2014193	644	531	1	1	1	3	2	5	5	3	1	3	15	13	1	9	2	5	8	54	4	5	1	2	41	3	18	4	5	6	7	3	14	1	34	21	7	5	6	3	1	13	9
2014194	628	626	2	1	2	1	3	1	6	4	2	4	16	14	2	10	3	1	6	55	5	6	2	3	2	1	19	5	6	7	8	4	15	1	35	22	8	6	6	4	2	14	14
2014195	002	895	3	2	1	2	4	5	1	5	8	9	17	15	3	11	4	2	1	56	8	7	3	4	1	2	20	6	7	8	9	9	16	2	36	23	9	5	1	5	3	15	22
2014196	863	883	4	3	2	3	5	1	2	6	8	1	18	16	4	12	5	3	2	57	8	8	4	5	2	3	21	7	8	9	8	1	17	3	37	3	10	1	2	6	4	16	19
2014197	557	832	5	4	2	3	6	2	3	7	8	2	19	17	5	13	6	4	3	58	8	9	5	6	3	3	22	8	9	10	1	2	18	4	2	1	11	2	3	7	5	17	13
2014198	126	980	0	5	1	1	7	3	4	8	8	9	20	18	6	14	7	5	4	59	1	9	6	7	4	1	23	9	10	11	8	3	0	5	1	2	12	3	4	8	6	18	17
2014199	515	648	1	6	2	2	4	4	6	9	8	1	21	19	7	15	8	6	6	60	2	1	7	8	5	2	4	10	11	12	1	4	1	6	2	3	13	4	5	9	8	19	18
2014200	654	583	2	7	3	3	1	5	1	10	8	2	22	20	8	16	9	5	1	61	3	2	8	9	6	3	1	11	12	13	8	5	2	7	3	3	14	5	6	10	1	20	16
2014201	205	363	3	8	4	3	2	1	6	11	1	3	23	21	9	3	10	1	2	62	4	3	9	10	7	4	2	12	6	14	1	6	3	8	4	3	15	6	7	11	2	21	12
2014202	095	627	4	9	2	1	3	2	6	7	2	4	24	22	10	1	11	2	6	63	5	4	10	11	2	5	3	13	1	15	2	7	4	9	5	1	16	7	8	7	3	22	15
2014203	332	648	5	10	1	2	4	3	6	1	8	5	25	23	11	2	12	3	6	64	6	5	11	12	1	6	4	14	2	16	3	8	5	10	6	2	17	8	9	1	8	23	18
2014204	001	284	6	11	2	3	4	4	1	2	8	6	26	24	2	3	13	4	1	65	7	6	12	13	2	7	1	15	3	17	8	9	6	11	7	3	4	9	10	2	1	24	14
2014205	092	272	7	12	2	4	1	5	2	7	1	7	27	25	2	4	14	5	2	66	8	7	13	14	3	8	2	16	4	7	1	10	7	12	2	4	1	10	11	3	2	25	11
2014206	135	657	8	13	1	5	2	5	6	7	2	8	28	26	1	5	15	6	6	67	9	8	14	15	4	9	3	5	5	1	2	11	8	13	1	5	2	11	12	7	3	26	18
2014207	592	258	9	14	2	6	3	5	1	1	8	9	29	27	2	6	16	7	1	68	10	9	15	16	5	10	4	5	6	2	3	12	9	14	2	6	3	12	13	1	8	27	15
2014208	714	241	10	1	2	7	4	1	2	2	1	10	30	28	2	7	17	8	2	69	11	10	16	17	6	11	4	1	7	3	4	13	10	1	3	7	4	13	14	2	1	28	7
2014209	269	194	11	1	1	8	4	2	3	3	2	9	31	1	1	8	18	9	3	70	12	11	17	18	7	12	1	2	8	4	5	9	11	1	4	8	4	14	15	3	2	29	14
2014210	126	585	12	1	2	9	1	5	4	4	8	1	32	1	2	9	19	5	4	71	13	12	18	19	8	13	2	3	9	5	8	1	12	2	5	9	1	5	16	4	3	30	18
2014211	938	697	13	2	3	10	2	1	6	7	1	9	33	2	3	10	20	1	6	72	14	13	19	20	9	14	3	4	10	6	1	9	13	3	6	10	2	1	17	7	4	31	22
2014212	143	553	14	3	4	3	3	5	1	1	2	1	34	3	4	11	21	5	1	73	15	14	20	21	10	15	4	5	11	7	2	1	14	4	7	3	3	2	18	1	5	32	13
2014213	540	447	15	4	5	1	4	1	2	7	3	2	35	4	5	12	4	1	2	74	16	15	21	22	11	16	4	1	12	8	3	2	15	5	8	1	4	3	19	7	6	33	15
2014214	251	770	0	5	6	2	1	2	3	7	4	3	36	5	6	13	1	2	3	7	17	16	22	23	12	17	1	2	13	7	4	3	0	6	9	2	5	4	20	1	7	34	14
2014215	774	175	1	1	7	3	2	5	4	7	5	4	37	1	7	14	2	3	4	1	18	17	23	24	13	18	2	3	14	7	5	4	1	7	10	3	6	5	21	2	8	35	13
2014216	503	938	2	1	8	3	3	1	5	1	8	9	38	1	8	15	3	4	5	2	19	9	24	25	14	3	3	4	15	1	6	5	2	8	11	4	7	1	22	3	8	36	20
2014217	399	354	3	2	9	3	4	5	6	2	1	1	39	2	9	3	4	5	6	3	20	1	25	26	15	1	4	5	16	2	7	6	3	9	12	5	4	2	23	4	1	37	12
2014218	701	238	4	3	2	3	1	1	7	3	8	2	40	3	2	1	5	6	7	4	21	2	26	27	16	3	5	1	17	3	8	7	4	10	13	6	1	3	24	5	8	38	13
2014219	612	859	5	4	1	1	2	5	8	4	8	9	41	4	1	2	6	7	8	5	8	3	27	28	17	1	6	5	18	4	9	8	5	11	14	7	2	4	25	6	1	9	22
2014220	171	628	6	5	2	2	3	1	6	5	8	1	42	5	2	3	7	8	6	6	1	4	28	29	2	2	7	1	19	5	10	9	6	12	15	8	3	5	26	7	8	1	16
2014221	959	384	7	6	1	3	4	2	1	6	8	2	43	6	3	3	8	9	1	7	2	5	29	30	1	3	8	2	20	6	8	10	7	13	16	9	4	6	27	8	1	2	15
2014222	005	672	8	7	2	1	1	3	6	7	1	3	44	7	4	1	9	10	6	8	3	6	30	31	2	4	9	3	21	7	1	11	8	14	2	10	1	7	28	9	2	3	15
2014223	526	444	9	8	1	2	4	4	1	1	2	4	45	8	5	2	4	11	1	9	4	7	31	32	3	5	4	4	22	1	2	12	9	15	1	11	4	8	29	10	3	4	12
2014224	726	689	10	9	2	3	1	5	6	2	8	9	46	9	6	3	1	12	6	10	5	8	32	33	4	6	1	5	23	2	8	13	10	16	2	12	1	9	30	11	4	9	23
2014225	480	902	0	10	2	4	2	6	1	3	1	9	47	10	7	4	2	13	1	11	6	9	0	34	5	7	2	6	24	3	1	14	11	17	2	13	2	10	31	12	5	1	11
2014226	407	675	1	11	1	5	3	5	6	7	2	1	48	11	8	5	3	14	6	12	7	1	1	35	6	8	3	7	25	7	2	15	12	18	1	14	3	5	32	13	6	2	18
2014227	740	703	0	12	2	3	4	1	1	7	3	2	49	12	9	6	4	15	1	7	8	2	0	36	7	9	4	8	26	1	3	16	13	19	2	3	4	1	33	14	7	3	10
2014228	295	855	1	13	3	1	5	5	2	1	8	3	50	13	10	7	5	16	2	1	8	3	1	37	8	10	5	5	27	2	4	17	14	20	3	1	5	5	34	15	8	4	18
2014229	537	681	2	1	4	2	6	1	6	2	8	4	51	14	11	8	6	17	6	2	1	4	2	38	9	11	6	1	28	3	8	18	15	1	4	2	6	1	35	16	9	5	15
2014230	708	688	3	1	5	3	7	2	6	3	8	5	52	15	12	9	7	18	6	3	2	5	3	39	10	12	7	2	29	4	8	19	16	1	5	3	7	2	36	17	8	6	22
2014231	583	803	0	2	6	3	8	3	1	4	8	6	53	16	13	10	8	19	1	4	8	6	0	40	11	13	8	3	30	5	1	20	17	2	6	3	8	3	37	18	1	7	11
2014232	594	119	1	1	7	1	9	4	2	5	1	9	54	1	14	11	9	20	2	5	1	7	1	1	12	14	9	4	31	6	2	21	18	3	7	1	9	4	38	19	2	9	11
2014233	856	283	2	1	2	3	10	5	3	6	8	1	55	1	2	12	10	21	3	6	2	8	2	1	13	15	10	5	32	7	8	22	19	4	8	3	10	5	39	20	3	1	13
2014234	605	580	0	2	1	1	11	5	4	7	8	2	56	2	1	13	11	5	4	7	3	9	3	2	14	16	11	6	33	8	8	23	0	5	9	1	11	6	40	21	4	2	13
2014235	751	330	0	3	2	3	12	1	5	8	1	3	57	3	2	3	12	1	5	8	4	10	4	3	15	3	12	7	34	9	1	24	0	6	10	2	12	7	41	22	5	3	6
2014236	389	430	0	4	3	3	4	2	6	9	2	4	58	4	3	1	4	2	6	9	5	11	5	4	16	3	13	8	35	10	2	25	0	7	11	3	13	8	42	23	6	4	7
2014237	425	260	0	5	2	1	1	3	6	10	3	5	59	5	2	2	1	3	7	10	6	12	6	5	17	1	14	9	6	11	3	26	0	8	12	4	14	9	43	24	7	5	8
2014238	026	425	1	6	2	2	4	5	1	11	4	6	60	6	1	3	4	4	8	11	7	13	7	6	2	2	15	10	1	12	4	27	1	9	13	5	15	5	44	25	8	6	11
2014239	682	552	2	7	2	3	1	5	2	12	5	7	61	7	2	4	1	5	9	12	8	14	8	7	1	3	16	5	2	13	5	28	2	10	2	6	16	1	45	26	9	7	12
2014240	072	411	3	1	1	4	4	1	3	13	6	8	62	8	3	5	4	1	10	13	9	15	9	1	2	4	17	1	3	14	6	29	3	1	1	7	17	2	46	27	10	8	6
2014241	670	143	4	1	2	3	4	2	4	14	7	9	63	1	4	6	1	2	11	14	10	16	10	1	3	5	4	2	4	15	7	30	4	1	2	3	18	3	47	28	11	9	8
2014242	581	124	5	1	2	1	4	3	5	15	8	10	64	1	5	7	2	3	12	15	11	17	11	2	2	6	1	3	5	16	8	31	5	2	3	1	4	4	48	29	12	10	7
2014243	352	876	6	1	1	2	1	4	6	7	8	11	65	1	6	8	3	4	13	16	8	18	12	3	1	7	2	4	6	7	9	32	6	3	4	2	1	5	6	30	13	11	21
2014244	426	122	7	1	2	3	2	5	1	1	1	12	66	1	7	9	4	5	14	17	1	19	13	4	2	8	3	5	7	1	10	33	7	4	2	3	2	6	1	31	14	12	5
2014245	904	608	0	1	1	4	3	6	6	2	8	13	67	1	8	10	5	6	6	18	2	20	0	5	1	9	4	6	8	2	11	34	8	5	1	4	3	7	2	32	8	13	14
2014246	771	627	1	2	2	5	4	7	6	7	1	14	68	2	9	11	6	7	6	19	3	21	1	6	2	10	5	7	9	3	12	35	9	6	2	5	4	8	3	7	1	14	15
2014247	235	714	2	1	1	6	4	8	1	7	2	15	69	3	10	12	7	8	1	7	4	22	2	1	1	11	6	8	10	4	13	36	10	7	3	6	4	9	4	1	2	15	12
2014248	068	708	0	1	2	7	1	9	2	7	8	16	70	4	11	13	8	9	2	7	5	23	0	1	2	12	7	9	11	5	14	37	11	8	4	7	1	10	5	2	8	16	15
2014249	694	281	1	1	2	8	2	10	3	1	8	17	71	5	2	14	9	10	3	1	6	24	1	2	3	13	8	10	12	6	8	38	12	1	5	8	2	11	6	3	1	17	11
2014250	007	180	0	1	1	9	3	11	4	2	8	18	72	1	1	15	10	11	4	2	7	25	2	3	4	14	9	11	13	7	8	39	0	1	6	9	3	12	7	4	2	18	9
2014251	460	424	1	1	2	10	4	12	5	3	1	19	73	1	2	16	4	12	5	3	8	26	3	4	2	15	10	12	14	8	1	40	1	2	7	10	4	13	8	5	3	19	10
2014252	169	902	0	2	2	11	1	13	6	4	2	9	74	2	3	17	1	13	6	4	9	9	0	5	1	16	11	13	15	9	2	41	2	3	2	11	1	14	9	6	4	20	11
2014253	463	298	1	3	2	12	2	14	7	5	8	9	75	3	2	18	2	14	7	5	10	1	1	6	2	17	12	14	16	10	3	9	3	4	1	12	2	15	10	7	8	21	19
2014254	920	031	0	1	1	3	3	15	8	6	1	1	0	4	1	19	3	15	8	6	11	2	2	7	3	3	13	15	17	11	4	1	4	1	2	13	3	16	11	8	1	22	4
2014255	496	395	1	1	2	3	4	5	9	7	2	9	1	5	2	3	4	16	9	7	12	3	3	8	4	1	14	16	18	12	5	9	5	1	3	14	4	5	12	9	2	23	17
2014256	992	767	2	2	3	1	5	1	6	7	3	1	2	6	3	1	5	17	10	7	13	4	4	9	5	2	15	17	6	13	6	1	6	2	4	15	5	1	13	7	3	24	20
2014257	900	194	3	1	4	2	4	2	1	1	4	9	3	1	4	2	6	18	11	1	14	5	5	10	6	3	16	18	1	14	7	9	7	3	5	16	4	2	14	1	4	25	14
2014258	593	718	4	1	5	3	1	3	2	7	8	1	4	1	5	3	7	19	12	7	15	6	6	1	7	4	17	19	2	15	8	1	8	4	6	17	1	3	15	2	8	26	16
2014259	692	551	5	1	6	4	2	5	3	1	1	2	5	2	6	4	8	5	13	1	16	7	7	1	8	5	18	5	3	16	9	2	9	1	7	18	2	4	16	3	1	27	11
2014260	670	578	6	1	7	5	3	5	4	7	8	3	6	3	7	5	9	5	14	2	17	8	8	2	9	6	19	1	4	7	10	3	10	1	8	19	3	5	17	4	8	28	20
2014261	649	988	7	2	8	6	4	1	5	1	8	9	7	4	8	6	10	1	15	3	18	9	9	3	10	7	20	2	5	1	8	4	11	2	9	20	4	6	18	5	8	29	25
2014262	221	941	8	1	9	7	4	2	6	2	1	9	8	5	9	7	11	2	16	4	19	9	10	4	11	8	4	3	6	2	1	5	12	1	10	21	5	7	19	6	1	30	14
2014263	388	304	0	1	10	3	4	3	7	3	2	1	9	6	10	3	12	3	17	5	20	1	0	5	12	9	1	4	7	3	2	6	13	1	11	22	4	8	20	7	2	31	7
2014264	730	395	1	2	11	3	1	5	8	4	3	9	10	7	11	3	13	4	18	6	21	2	1	6	13	10	2	5	8	4	3	9	14	2	12	23	1	5	21	8	3	32	17
2014265	632	502	0	3	2	1	2	5	9	5	4	1	11	8	12	1	14	5	19	7	22	3	0	7	14	11	3	6	9	5	4	1	15	3	2	24	2	1	22	9	4	33	7
2014266	293	582	1	4	2	2	3	5	10	6	8	2	12	9	13	2	15	5	20	8	23	4	1	8	15	12	4	7	10	6	8	2	16	4	2	25	3	2	23	10	5	34	15
2014267	800	162	2	1	2	3	4	1	6	7	1	3	13	1	14	3	16	1	21	9	24	5	2	9	16	13	5	8	6	7	1	3	17	5	2	26	4	3	24	11	6	35	9
2014268	911	621	3	1	2	4	5	2	6	8	2	4	14	1	15	4	17	2	6	10	25	6	3	10	2	14	6	9	1	8	2	4	18	1	1	27	5	4	25	12	7	36	9
2014269	793	942	4	1	2	5	4	3	1	9	3	9	15	2	16	5	18	3	1	11	26	9	4	11	1	15	4	10	2	9	3	5	19	1	2	28	6	5	26	13	8	37	15
2014270	982	275	5	2	2	6	1	5	2	7	4	1	16	3	2	6	19	4	2	12	27	1	5	12	2	16	1	11	3	7	4	6	20	2	1	29	7	5	27	14	9	38	14
2014271	339	392	6	3	2	3	2	1	3	1	5	9	17	4	1	3	20	5	3	13	28	2	6	13	3	17	2	12	4	1	5	9	21	3	2	30	8	1	28	15	10	39	14
2014272	502	478	7	4	1	1	4	2	4	7	8	1	18	5	2	1	4	6	4	14	29	3	7	14	4	18	3	13	5	7	6	1	22	4	1	31	9	2	29	16	8	40	19
2014273	094	370	0	5	2	3	1	3	5	7	1	2	19	6	3	3	1	7	5	15	30	4	8	15	5	19	4	14	6	7	7	2	0	5	2	32	10	3	30	17	1	41	10
2014274	306	361	1	1	3	3	2	4	6	1	2	3	20	7	4	3	2	8	6	16	31	5	9	16	6	20	5	15	6	1	8	3	1	1	3	33	11	4	31	18	2	42	10
2014275	097	897	2	1	4	1	3	5	1	7	8	9	21	8	5	1	3	9	7	17	8	6	10	17	7	21	6	16	1	2	9	9	2	1	4	34	12	5	32	7	3	43	24
2014276	111	460	0	2	5	2	4	6	6	1	1	1	22	9	6	2	4	10	8	18	1	7	11	18	8	22	7	17	6	3	10	1	0	2	5	35	13	6	33	1	4	44	10
2014277	029	669	1	3	6	3	1	7	6	2	2	9	23	10	7	3	1	11	6	19	2	8	12	19	9	23	8	18	6	4	11	2	1	3	6	36	14	7	34	2	5	9	21
2014278	053	209	0	4	2	4	2	8	1	3	3	9	24	11	2	4	2	12	1	20	3	9	0	20	10	24	9	19	1	5	12	3	2	4	7	37	15	8	35	3	6	9	11
2014279	215	066	0	5	1	5	3	9	6	4	4	1	0	12	1	5	3	13	2	21	4	10	1	21	11	25	10	20	6	6	13	4	3	5	8	38	16	9	6	4	7	1	12
2014280	412	524	1	6	2	6	4	5	1	5	5	2	1	13	2	6	4	5	3	22	5	11	2	22	2	26	11	21	1	7	14	5	4	6	9	39	4	10	1	5	8	2	11
2014281	679	339	2	7	1	3	1	1	2	6	6	9	2	14	3	3	5	1	4	23	6	12	3	23	1	3	12	22	2	8	15	6	5	7	10	40	1	11	2	6	9	9	15
2014282	911	684	3	8	2	1	4	2	6	7	8	1	3	15	4	1	6	2	6	24	7	13	4	24	2	1	13	23	3	9	8	7	6	8	11	41	4	12	3	7	10	1	18
2014283	161	150	0	1	3	2	1	5	1	8	1	2	4	1	5	2	7	3	1	25	8	14	5	25	3	2	14	5	4	10	1	8	0	9	12	42	1	13	4	8	11	2	6
2014284	163	670	0	1	4	3	2	1	6	7	2	3	5	1	6	3	8	4	6	26	9	15	6	26	4	3	15	1	5	7	2	9	0	10	13	43	2	14	5	9	12	3	13
2014285	520	139	1	1	5	3	3	2	1	1	3	9	6	1	7	4	9	5	1	27	10	16	7	27	5	3	16	2	6	1	3	10	1	11	14	44	3	15	6	10	13	9	13
2014286	356	667	2	1	6	1	4	3	6	7	4	1	7	1	8	5	10	6	6	28	11	17	8	28	6	1	17	3	6	2	4	11	2	12	15	45	4	16	7	7	14	1	19
2014287	005	738	3	2	7	3	5	4	1	7	8	2	8	2	9	6	11	7	1	7	12	18	9	29	7	3	18	4	1	3	5	12	3	13	16	46	5	17	8	1	8	2	18
2014288	977	100	0	1	8	1	6	5	2	1	1	3	9	1	10	7	12	8	2	1	13	19	0	30	8	1	19	5	2	4	6	13	0	14	17	47	6	18	9	2	1	3	1
2014289	884	475	1	1	9	2	4	5	3	7	2	4	10	1	11	8	4	9	3	2	14	20	1	31	9	2	20	6	3	7	7	14	1	15	18	48	7	5	10	3	2	4	16
2014290	943	076	0	2	10	3	1	1	6	7	3	5	0	2	12	9	1	10	4	3	15	21	2	32	10	3	21	7	4	7	8	15	2	16	19	49	8	1	6	4	3	5	13
2014291	513	073	0	3	11	3	2	2	1	7	4	6	0	3	13	10	2	11	5	4	16	22	3	33	11	4	22	8	5	7	9	16	3	17	20	3	9	2	1	5	4	6	10
2014292	414	802	0	4	2	1	3	3	2	1	8	7	1	4	14	11	3	12	6	5	8	23	0	34	12	5	23	9	6	1	10	17	4	18	2	1	10	3	2	6	5	7	10
2014293	667	081	0	1	1	2	4	4	3	2	8	8	0	5	15	12	4	13	7	6	1	24	1	35	13	6	24	10	7	2	8	18	5	1	1	2	11	4	3	7	6	8	9
2014294	250	817	1	1	2	3	5	5	4	7	8	9	1	6	16	13	5	14	8	7	8	25	2	1	14	7	25	11	8	3	1	19	6	1	2	3	12	5	4	7	7	9	16
2014295	772	829	2	1	2	4	6	6	5	1	8	9	2	7	17	14	6	15	9	8	8	26	3	1	2	8	26	12	9	4	2	20	7	2	3	4	13	6	5	1	8	9	19
2014296	402	924	3	2	2	5	4	7	6	2	1	9	3	8	18	15	7	16	10	9	1	9	4	2	2	9	27	13	10	5	3	21	8	3	4	5	4	7	6	2	9	1	15
2014297	557	161	4	1	1	6	1	8	6	3	2	1	4	1	19	16	8	17	11	10	2	1	5	3	1	10	28	14	6	6	4	22	9	1	5	6	1	8	7	3	10	2	8
2014298	782	011	0	1	2	7	2	9	1	4	3	2	0	1	20	17	9	18	12	11	3	2	6	1	2	11	29	15	1	7	5	23	10	1	6	7	2	9	8	4	11	3	2
2014299	451	557	1	1	3	8	3	5	2	7	4	3	1	2	21	18	10	5	13	12	4	3	7	1	3	12	30	5	2	8	6	24	11	1	7	8	3	10	9	7	12	4	17
2014300	841	605	0	2	4	9	4	5	6	1	5	4	2	3	22	19	11	1	6	13	5	4	0	2	4	13	31	1	3	9	7	25	12	2	8	9	4	5	10	1	13	5	11
2014301	217	213	1	1	2	3	5	1	1	2	6	5	3	4	2	20	12	2	1	14	6	5	1	1	5	14	32	2	4	10	8	26	13	3	9	3	5	1	11	2	14	6	6
2014302	746	605	0	1	1	1	6	5	6	3	7	6	4	5	1	21	13	3	6	15	7	6	0	1	6	15	33	3	5	11	9	27	14	4	10	1	6	5	12	3	15	7	11
2014303	494	949	1	2	2	2	4	1	1	4	8	9	5	6	2	22	14	4	1	16	8	9	1	2	7	16	4	4	6	12	10	28	15	5	11	2	7	1	13	4	16	9	22
2014304	039	041	0	1	3	3	4	2	2	5	9	1	0	7	3	23	15	5	2	17	9	1	2	3	8	17	4	5	7	13	11	29	16	1	12	3	8	2	14	5	17	1	5
2014305	945	474	1	1	4	4	4	3	3	7	10	2	1	8	4	24	4	6	3	18	10	2	3	4	9	18	1	6	8	7	12	30	17	1	13	4	4	3	15	6	18	2	15
2014306	111	391	2	1	5	3	1	4	4	1	11	9	2	9	5	3	1	7	4	19	11	3	4	5	10	19	2	7	9	1	13	9	18	1	14	5	1	4	16	7	19	3	13
2014307	104	642	3	1	2	1	4	5	6	2	12	1	3	10	6	1	2	8	6	20	12	4	5	6	11	20	4	8	10	2	14	1	19	1	2	6	2	5	17	8	20	4	12
2014308	261	429	4	2	2	2	4	6	1	3	13	9	4	11	7	2	4	9	1	21	13	5	6	7	2	21	1	9	11	3	15	2	20	2	1	7	3	6	18	9	21	9	15
2014309	606	461	5	1	1	3	4	7	6	4	14	1	5	12	8	3	4	10	2	22	14	6	7	8	1	22	2	10	6	4	16	3	21	1	2	8	4	7	19	10	22	1	11
2014310	326	963	6	1	2	3	1	8	6	5	15	9	6	13	9	4	1	11	3	23	15	9	8	9	2	23	3	11	6	5	17	4	22	1	3	3	5	8	20	11	23	2	18
2014311	292	296	7	2	2	1	2	9	6	6	16	9	7	14	2	5	2	12	4	24	16	1	9	10	3	24	4	12	1	6	18	9	23	2	4	1	6	9	6	12	24	3	17
2014312	388	308	0	3	1	3	3	10	1	7	8	1	8	15	1	3	3	13	5	25	17	2	0	11	4	25	5	13	2	7	19	1	24	3	5	2	7	10	1	13	8	4	11
2014313	699	192	1	1	2	1	4	11	2	8	1	9	9	1	2	1	4	14	6	26	18	3	1	12	5	26	6	14	3	8	20	9	25	4	2	3	8	11	2	14	1	5	12
2014314	511	713	2	1	1	3	5	12	3	7	2	1	10	1	3	2	5	15	7	7	19	4	2	1	6	27	7	15	4	9	21	1	26	5	1	3	9	12	3	15	2	6	11
2014315	670	312	3	1	2	3	6	13	4	1	3	2	11	2	4	3	6	16	8	1	20	5	3	1	7	28	8	16	5	10	22	2	27	6	2	1	10	13	4	16	3	7	6
2014316	939	678	4	1	1	1	7	14	6	7	8	3	12	3	5	1	7	17	6	2	21	6	4	1	8	29	9	17	6	7	23	3	28	7	1	2	11	14	5	17	8	8	21
2014317	124	041	0	1	2	2	4	15	1	1	1	4	0	4	6	2	8	18	1	3	22	7	5	2	9	30	4	18	7	1	24	4	29	1	2	3	12	15	6	18	1	9	5
2014318	181	382	1	1	2	3	1	16	2	2	8	5	1	5	7	3	9	19	2	4	23	8	6	3	10	31	1	19	8	2	8	5	30	1	2	4	13	16	7	19	2	10	13
2014319	883	774	2	2	1	1	4	17	3	7	1	6	2	6	8	1	10	20	3	7	24	9	7	4	11	32	2	20	9	7	1	6	31	2	1	5	4	17	8	20	3	11	18
2014320	437	182	3	1	2	2	1	18	4	1	8	7	3	1	9	2	11	21	4	1	25	10	8	5	12	33	3	21	10	1	8	7	32	3	2	6	1	18	9	21	4	12	11
2014321	561	974	4	1	1	3	4	19	5	7	1	9	4	1	10	3	12	22	5	2	26	9	9	6	13	34	4	22	11	7	1	8	33	4	1	7	4	19	10	22	5	13	20
2014322	562	667	5	2	2	4	1	20	6	7	2	1	5	2	11	4	13	23	6	3	27	1	10	7	14	35	5	23	6	1	2	9	34	5	2	8	1	20	11	7	6	14	19
2014323	541	945	6	3	3	5	4	5	1	1	3	9	6	3	12	5	14	24	1	4	28	9	11	8	15	36	4	24	1	2	3	10	35	6	3	9	2	5	12	1	7	15	18
2014324	291	935	7	4	4	3	1	5	2	2	4	9	7	4	13	6	15	25	2	5	29	9	12	9	16	3	1	25	2	3	4	11	36	7	4	10	3	5	13	2	8	16	17
2014325	416	288	8	5	2	1	2	1	3	3	8	1	8	5	2	7	16	26	3	6	30	1	13	10	17	1	2	26	3	4	8	12	37	8	5	11	4	1	14	3	8	17	18
2014326	315	978	9	6	1	2	3	2	4	7	8	9	9	6	1	8	17	27	4	7	31	9	14	11	18	2	3	27	4	7	1	13	38	9	6	12	5	2	15	4	8	18	24
2014327	481	088	0	7	2	3	4	3	5	1	8	1	0	7	2	9	18	28	5	8	32	1	15	12	19	3	4	28	5	1	8	14	39	10	7	13	6	3	16	5	8	19	16
2014328	171	362	1	8	2	3	5	4	6	2	1	2	1	8	3	3	19	29	6	9	33	2	16	13	20	4	5	29	6	2	1	15	40	11	2	14	7	4	17	6	1	20	11
2014329	134	785	2	9	1	1	6	5	1	7	8	3	2	9	4	1	20	30	7	7	34	3	17	14	21	5	6	30	1	3	8	16	41	12	1	15	8	5	18	7	2	21	20
2014330	914	614	3	1	2	2	4	1	6	1	1	4	3	10	5	2	21	31	6	1	35	4	18	1	22	6	7	31	2	4	1	17	42	13	2	16	4	1	19	8	3	22	11
2014331	929	287	4	1	2	3	1	2	1	7	8	5	4	11	2	3	22	32	1	2	36	5	19	1	23	7	8	32	3	5	8	18	43	14	3	17	1	2	20	7	4	23	17
2014332	285	330	0	2	1	3	2	3	2	1	1	6	5	12	1	3	23	33	2	3	37	6	20	2	24	3	9	33	4	6	1	19	0	15	4	18	2	3	21	1	5	24	6
2014333	327	437	1	3	2	3	4	4	3	7	2	7	6	13	2	1	4	34	3	4	38	7	21	3	25	3	10	34	5	7	2	20	1	16	5	19	3	4	22	7	6	25	14
2014334	053	142	2	1	2	1	4	5	4	1	3	8	7	1	3	2	1	35	4	5	39	8	22	4	26	1	4	35	6	8	3	21	2	17	2	20	4	5	23	1	7	26	7
2014335	883	407	0	1	1	2	4	6	5	7	4	9	8	1	4	3	4	36	5	6	40	9	0	5	27	2	1	36	7	9	4	22	3	18	1	21	5	6	24	7	8	27	11
2014336	629	513	1	1	2	3	1	5	6	1	5	10	9	2	5	4	1	5	6	7	41	10	1	1	28	3	2	37	8	10	5	23	4	19	2	3	6	7	25	1	9	28	9
2014337	916	668	2	1	3	1	2	1	6	2	8	11	10	3	6	5	2	1	6	8	42	11	2	1	29	4	3	38	6	11	6	24	5	20	3	1	7	8	26	2	8	29	20
2014338	469	917	3	1	4	2	3	2	1	7	1	9	11	4	7	6	3	2	1	9	43	9	3	1	30	5	4	39	1	12	7	25	6	21	4	2	8	9	27	7	1	30	17
2014339	460	649	4	1	5	3	4	3	6	1	2	9	12	5	8	7	4	3	6	10	44	1	4	1	31	6	4	40	2	13	8	26	7	22	5	3	9	10	28	1	2	9	19
2014340	154	370	0	2	6	3	1	4	1	7	3	1	13	6	9	3	5	4	1	11	45	2	5	2	32	7	1	41	3	7	9	27	0	23	6	4	10	11	29	2	3	1	10
2014341	416	773	1	3	7	3	2	5	2	7	4	2	14	7	10	1	6	5	2	7	46	3	6	3	33	8	2	42	4	7	10	28	1	24	7	3	11	12	30	3	4	2	17
2014342	348	797	2	4	8	1	3	6	3	7	5	9	15	8	11	2	7	6	3	7	47	4	7	4	34	9	3	43	5	1	11	9	2	25	8	1	12	13	31	7	5	3	23
2014343	382	614	3	1	9	2	4	7	6	1	6	1	16	9	12	3	8	7	6	1	48	5	8	1	35	10	4	44	6	2	12	1	3	26	9	2	4	14	32	1	6	4	11
2014344	718	209	0	1	2	3	1	8	1	2	7	9	17	10	2	4	9	8	1	2	49	6	0	1	36	11	5	45	7	3	13	2	4	27	10	3	1	15	33	2	7	9	11
2014345	544	695	1	2	1	4	2	5	6	3	8	9	18	11	1	5	10	9	6	3	50	7	1	2	37	12	6	46	8	4	14	9	5	28	11	4	2	5	34	3	8	1	20
2014346	001	351	2	1	2	3	3	5	1	4	9	1	19	12	2	3	11	10	1	4	51	8	2	3	38	13	7	5	9	5	15	1	6	1	12	5	3	1	35	4	9	2	9
2014347	307	998	3	1	3	1	4	1	2	5	8	9	20	13	3	1	12	11	2	5	52	9	3	4	39	14	8	1	10	6	16	9	7	1	13	6	4	2	36	5	8	3	26
2014348	382	522	4	2	2	2	5	5	3	6	1	1	21	14	4	2	13	5	3	6	53	1	4	5	2	15	9	2	11	7	17	1	8	2	2	7	5	3	37	6	1	4	9
2014349	320	771	5	1	1	3	6	1	4	7	2	2	22	15	5	3	14	1	4	7	54	2	5	6	1	16	10	3	12	7	18	2	9	1	1	8	6	4	38	7	2	5	15
2014350	243	223	6	1	2	3	7	2	5	1	3	3	23	16	2	4	15	2	5	1	55	3	6	7	2	17	11	4	13	1	19	3	10	1	2	3	7	5	39	8	3	6	7
2014351	989	505	0	2	1	1	8	5	6	2	4	4	24	17	1	5	16	5	6	2	56	4	0	8	1	18	12	5	14	2	20	4	11	2	3	1	8	5	40	9	4	7	10
2014352	237	727	1	3	2	2	9	1	7	7	5	5	25	18	2	6	17	1	7	7	57	5	1	9	2	19	13	6	15	3	21	5	12	3	4	2	9	1	41	7	5	8	16
2014353	173	515	2	1	1	3	10	5	8	1	6	6	26	19	3	7	18	5	8	1	58	6	2	1	1	20	14	7	16	4	22	6	13	4	5	3	10	5	42	1	6	9	11
2014354	001	713	3	1	2	3	11	1	9	7	7	7	27	20	4	8	19	1	9	7	59	7	3	1	2	21	15	8	17	5	23	7	14	5	6	3	11	1	43	2	7	10	11
2014355	468	773	4	1	3	3	12	2	10	7	8	8	28	21	5	9	20	2	10	7	60	8	4	1	3	22	16	9	18	7	24	8	15	6	7	3	12	2	44	3	8	11	17
2014356	898	371	5	1	4	3	13	3	11	7	9	9	29	22	6	3	21	3	11	1	61	9	5	2	4	23	17	10	19	7	25	9	16	1	8	1	13	3	45	4	9	12	11
2014357	805	610	0	1	5	1	14	4	6	1	10	10	30	23	7	1	22	4	6	2	62