2016001	555	879	10	1	1	4	3	2	1	7	8	9	18	15	1	4	3	49	10	36	8	8	34	14	13	7	4	2	1	7	10	6	10	1	12	8	4	3	5	11	2	9	24
2016002	475	273	11	2	2	3	4	3	2	7	1	1	19	16	2	5	4	50	11	37	1	9	35	15	14	8	5	3	2	7	11	7	11	2	13	3	5	4	6	12	3	1	12
2016003	330	159	12	1	1	1	5	5	3	1	2	9	20	1	1	6	5	51	12	38	2	10	36	16	15	9	6	5	3	1	12	8	12	3	14	1	6	5	7	13	4	9	15
2016004	962	671	13	1	2	2	6	1	6	7	3	1	21	1	2	7	6	52	6	39	3	11	37	17	16	10	7	1	4	7	13	9	13	1	15	2	7	6	8	14	5	1	14
2016005	559	581	14	1	3	3	7	5	1	1	8	2	22	2	3	8	7	5	1	40	4	12	38	18	17	11	8	2	5	1	8	10	14	1	16	3	8	7	9	15	6	2	14
2016006	829	709	0	1	4	4	8	1	2	7	1	9	23	3	4	9	8	1	2	7	5	13	0	19	18	12	9	3	6	2	1	11	15	1	17	4	9	8	10	16	7	9	16
2016007	305	952	1	2	2	5	9	5	3	1	2	9	24	4	5	10	9	2	3	1	6	9	1	20	19	13	10	5	7	3	2	12	16	2	2	5	10	9	11	17	8	1	16
2016008	978	583	2	3	1	3	10	5	4	2	8	1	25	5	6	11	10	5	4	2	7	1	2	21	20	14	11	1	8	4	8	13	17	3	1	3	11	10	12	18	9	2	16
2016009	623	353	3	4	2	3	11	5	5	3	1	2	26	6	7	3	11	1	5	3	8	2	3	22	21	15	12	5	9	5	1	14	18	4	2	3	12	11	13	19	10	3	11
2016010	973	802	0	5	2	1	12	1	6	4	8	3	27	7	8	1	12	2	6	4	8	3	0	23	22	16	13	1	10	6	2	15	19	5	2	1	13	12	14	20	11	4	10
2016011	603	815	1	1	1	2	13	5	7	5	8	4	28	8	9	2	13	3	7	5	8	4	1	1	23	17	14	2	11	7	3	16	20	6	1	2	14	5	15	21	12	5	14
2016012	085	180	0	1	2	3	14	1	8	6	8	5	29	1	10	3	14	4	8	6	1	5	2	1	24	18	15	3	12	8	8	17	0	7	2	3	15	1	16	22	13	6	9
2016013	113	324	1	1	2	3	4	2	9	7	1	6	30	1	11	3	15	5	9	7	2	6	3	2	2	19	16	4	13	9	1	18	1	8	3	4	4	2	17	23	14	7	9
2016014	184	938	2	2	1	3	1	3	10	8	8	9	31	2	12	1	16	6	10	8	3	9	4	3	1	3	17	5	14	10	2	19	2	9	4	5	1	3	18	24	8	8	20
2016015	085	349	3	3	2	3	4	4	11	9	1	9	32	3	13	3	17	7	11	9	4	1	5	4	2	1	4	6	15	11	3	20	3	10	5	6	2	4	19	25	1	9	16
2016016	581	447	4	4	3	1	4	5	12	7	2	1	33	4	14	1	4	8	12	10	5	2	6	5	3	2	4	7	16	12	4	21	4	11	6	7	3	5	20	7	2	1	15
2016017	966	531	5	1	4	3	1	5	13	1	3	2	34	5	15	2	1	5	13	11	6	3	7	6	4	3	1	8	17	13	5	22	5	1	7	8	4	6	21	1	3	2	9
2016018	069	563	6	1	5	3	2	5	6	2	4	3	35	6	16	3	2	5	14	12	7	4	8	7	5	1	2	9	6	14	6	23	6	1	8	3	5	7	22	2	4	3	14
2016019	259	278	7	2	2	1	3	1	1	7	8	4	36	7	2	4	3	1	15	13	8	5	9	8	6	2	3	10	1	7	7	24	7	2	9	1	6	8	23	3	8	4	17
2016020	911	521	8	1	2	2	4	5	2	1	1	5	37	8	1	5	4	5	16	14	9	6	10	9	2	3	4	11	2	1	8	25	8	1	10	2	7	9	24	4	1	5	8
2016021	400	699	9	1	1	3	5	1	6	2	2	9	38	9	2	6	5	1	6	15	10	7	11	10	1	4	5	12	3	2	9	9	9	1	11	3	8	10	25	5	2	9	24
2016022	661	916	10	1	2	4	6	2	6	3	3	9	39	10	3	7	6	2	1	16	11	9	12	1	2	5	6	13	4	3	10	1	10	2	12	4	9	11	6	6	3	1	16
2016023	582	729	11	1	2	5	7	3	1	7	4	9	40	11	4	8	7	3	2	7	12	1	13	1	2	6	7	14	5	4	11	2	11	3	13	5	10	12	1	7	4	9	18
2016024	484	624	12	2	2	6	4	4	6	1	5	1	41	12	5	9	8	4	6	1	13	2	14	2	2	7	8	15	6	5	12	3	12	4	14	6	4	13	2	8	5	1	12
2016025	479	110	0	1	1	7	1	5	1	2	6	2	42	1	6	10	9	5	1	2	14	3	15	1	1	8	9	16	7	6	13	4	0	5	15	7	1	14	3	9	6	2	2
2016026	788	324	1	1	2	3	4	6	2	3	7	3	43	1	7	3	10	6	2	3	15	4	16	1	2	9	10	17	8	7	14	5	1	6	16	8	4	15	4	10	7	3	9
2016027	565	280	0	2	2	1	1	7	3	4	8	4	44	2	2	1	11	7	3	4	16	5	17	2	1	10	11	18	9	8	8	6	0	7	17	9	1	16	5	11	8	4	10
2016028	541	416	1	1	1	2	4	8	6	5	1	5	45	3	1	2	4	8	4	5	17	6	18	1	2	11	12	19	10	9	1	7	1	8	18	10	2	17	6	12	9	5	11
2016029	940	026	0	1	2	3	1	9	6	6	2	6	0	4	2	3	1	9	5	6	18	7	19	1	2	12	13	20	11	10	2	8	2	9	19	11	3	18	6	13	10	6	8
2016030	305	293	1	2	2	3	2	10	1	7	3	9	1	5	2	4	2	10	6	7	19	8	20	2	1	13	14	21	12	11	3	9	3	10	20	3	4	19	1	14	11	7	14
2016031	279	592	2	3	2	1	3	5	2	8	4	9	2	6	1	5	3	5	7	8	20	9	21	3	2	14	15	22	13	12	4	9	4	11	2	1	5	20	2	15	12	8	16
2016032	681	778	3	4	1	2	4	1	3	7	8	1	3	7	2	6	4	1	8	7	21	10	22	4	3	15	16	23	14	7	5	1	5	12	1	2	6	21	3	16	8	9	22
2016033	742	387	4	5	2	3	5	2	4	7	8	2	4	8	3	3	5	2	9	1	22	11	23	5	4	16	17	24	15	1	8	2	6	13	2	3	7	22	4	7	1	10	18
2016034	406	606	0	6	3	1	6	3	6	1	1	3	5	9	4	1	6	3	6	2	23	12	0	6	5	17	18	25	16	2	1	3	7	14	3	4	8	23	6	1	2	11	12
2016035	581	981	1	1	4	2	7	4	1	2	8	9	6	10	5	2	7	4	1	3	24	9	1	7	6	18	19	26	17	3	8	4	8	1	4	5	9	24	1	2	3	12	18
2016036	511	968	2	1	5	3	8	5	6	3	8	9	7	11	6	3	8	5	2	4	25	9	2	8	7	19	20	27	6	4	1	5	9	1	5	6	10	25	2	3	8	13	23
2016037	967	468	3	2	6	4	4	6	6	4	8	1	8	12	7	4	4	6	3	5	26	1	3	9	8	20	21	28	6	5	2	6	10	2	6	7	11	26	3	4	8	14	18
2016038	171	960	0	3	7	5	1	7	6	5	1	9	9	13	8	5	1	7	4	6	27	9	4	10	9	21	22	29	6	6	3	7	0	3	7	8	12	27	4	5	1	15	15
2016039	795	248	1	4	2	6	4	8	1	6	8	1	10	14	2	6	2	8	5	7	28	1	5	11	10	22	4	30	1	7	4	8	1	4	8	9	13	28	5	6	8	16	14
2016040	759	143	2	1	1	3	4	9	2	7	1	2	11	1	1	7	3	9	6	8	29	2	6	12	11	23	4	31	2	8	5	9	2	5	9	3	14	29	6	7	1	17	8
2016041	545	519	3	1	2	1	1	5	3	8	2	9	12	1	2	8	4	5	7	9	30	3	7	1	12	24	1	32	3	9	6	10	3	6	10	1	15	30	7	8	2	9	15
2016042	912	701	0	1	3	2	2	1	4	7	3	1	13	2	3	9	5	1	8	7	31	4	0	1	13	25	2	33	4	10	7	11	4	1	11	2	16	31	8	9	3	1	8
2016043	662	557	1	1	4	3	3	5	5	7	4	2	14	3	4	10	6	5	9	1	32	5	1	2	14	26	3	5	5	11	8	12	5	1	12	3	17	32	9	7	4	2	17
2016044	327	010	0	1	5	4	4	1	6	1	5	3	0	4	5	11	7	1	10	2	33	6	2	1	15	27	4	1	6	12	9	13	0	2	13	4	18	33	10	1	5	3	1
2016045	374	692	1	1	2	5	5	2	6	2	6	9	1	5	6	12	8	2	6	3	34	7	3	1	16	28	5	2	7	13	10	9	1	3	2	5	19	34	11	2	6	4	17
2016046	162	383	2	2	1	3	6	3	1	3	8	1	2	6	7	3	9	3	1	4	35	8	4	2	17	29	6	3	8	14	8	1	2	4	1	3	20	35	12	3	7	5	14
2016047	269	606	0	3	2	1	7	4	6	4	1	2	3	7	8	1	10	4	6	5	36	9	0	3	18	30	7	4	9	15	1	2	3	5	2	1	21	36	6	4	8	6	12
2016048	831	851	1	1	3	2	8	5	1	5	8	3	4	8	9	2	11	5	1	6	8	10	1	4	19	31	8	5	10	16	2	3	4	1	3	2	22	37	1	5	9	7	14
2016049	783	739	2	1	4	3	9	1	2	7	1	9	5	9	10	3	12	6	2	7	1	11	2	5	20	3	9	1	11	17	3	4	5	1	4	3	23	38	2	6	10	9	19
2016050	718	731	3	1	5	3	10	2	3	7	2	1	6	10	11	4	13	7	3	7	2	12	3	6	21	3	10	2	12	18	4	5	6	1	5	4	24	39	3	7	11	1	11
2016051	625	528	4	1	2	1	11	5	4	1	8	2	7	11	12	5	14	5	4	1	3	13	4	7	2	1	11	3	13	19	5	6	7	1	6	5	25	40	4	8	8	2	15
2016052	081	641	5	1	1	2	4	1	6	2	1	3	8	12	13	6	15	1	6	2	4	14	5	8	1	2	4	4	14	20	6	7	8	1	7	6	26	41	5	9	1	3	11
2016053	870	949	6	1	2	3	4	2	1	3	2	9	9	13	14	7	16	2	1	3	5	9	6	9	2	3	4	5	15	21	7	8	9	1	8	7	27	42	6	10	2	9	22
2016054	620	328	7	2	2	3	1	3	2	4	8	1	10	14	15	3	17	3	2	4	6	1	7	10	2	4	1	6	16	22	8	9	10	2	9	8	28	43	7	11	8	1	13
2016055	133	553	8	3	1	3	2	5	3	5	1	2	11	15	16	1	18	5	3	5	7	2	8	11	1	5	2	5	17	23	9	10	11	3	10	3	29	44	8	12	1	2	13
2016056	561	941	9	1	2	1	4	1	4	6	2	9	12	16	17	2	19	1	4	6	8	9	9	12	2	6	4	1	18	24	10	11	12	1	11	1	30	45	9	13	2	3	14
2016057	867	543	10	1	3	3	4	5	5	7	3	1	13	17	18	3	20	5	5	7	9	1	10	13	3	7	4	2	19	25	11	12	13	1	12	3	31	46	10	14	3	4	12
2016058	913	126	11	1	2	1	1	1	6	8	4	2	14	1	19	4	21	1	6	8	10	2	11	14	2	8	1	3	20	26	12	13	14	2	13	1	32	47	6	15	4	5	9
2016059	966	741	12	1	1	2	4	2	1	7	5	3	15	1	20	5	22	2	7	7	11	3	12	15	1	9	4	4	21	27	13	14	15	1	14	2	33	48	1	16	5	6	12
2016060	645	039	0	1	2	3	1	3	2	1	6	9	0	2	21	6	23	3	8	1	12	4	13	16	2	3	1	5	22	28	14	15	16	1	15	3	34	49	2	17	6	9	12
2016061	115	754	1	2	3	1	4	5	3	7	7	1	1	3	22	7	24	4	9	7	13	5	14	17	3	1	2	5	23	29	15	16	17	2	16	4	4	50	3	18	7	1	16
2016062	823	803	0	3	4	3	1	1	4	1	8	2	2	4	23	8	25	5	10	1	8	6	0	18	4	2	3	1	24	30	16	17	18	3	17	3	1	51	4	19	8	2	11
2016063	354	356	1	4	5	3	2	5	6	2	1	3	3	5	24	3	26	6	11	2	1	7	1	19	5	3	4	5	25	31	17	18	19	4	18	1	2	52	6	20	9	3	14
2016064	568	062	0	5	2	1	3	1	6	3	2	4	0	6	25	1	27	7	12	3	2	8	2	20	6	4	5	1	6	32	18	19	20	5	2	2	3	53	1	21	10	4	8
2016065	920	450	0	6	1	2	4	5	1	4	3	5	1	7	26	2	4	8	13	4	3	9	3	21	7	5	6	5	1	33	19	20	0	6	1	3	4	54	2	22	11	5	9
2016066	112	181	1	1	2	3	1	1	2	5	8	6	2	1	27	3	1	9	14	5	4	10	4	22	8	6	7	1	2	34	8	21	1	1	2	4	5	55	3	23	12	6	10
2016067	721	001	0	1	3	4	2	2	3	6	1	7	0	1	28	4	2	10	15	6	5	11	0	23	9	7	8	2	3	35	1	22	2	1	3	5	6	56	4	24	13	7	1
2016068	371	075	0	1	4	5	3	5	4	7	2	8	0	2	29	5	3	11	16	7	6	12	1	24	10	8	9	3	4	7	2	23	3	1	4	6	7	5	5	25	14	8	12
2016069	023	643	1	2	5	3	4	1	6	1	3	9	1	3	30	6	4	12	6	8	7	13	2	25	11	9	4	4	5	1	3	24	4	2	5	3	8	1	6	26	15	9	13
2016070	926	896	2	3	6	1	1	2	6	2	8	9	2	4	31	7	5	13	1	9	8	14	3	26	12	10	1	5	6	2	4	9	5	3	6	1	9	2	6	27	16	10	23
2016071	890	650	0	4	7	2	2	5	6	3	1	1	3	5	32	8	6	14	6	10	1	15	4	27	13	11	2	5	7	3	5	1	0	4	7	2	10	3	1	28	17	11	11
2016072	872	020	0	5	2	3	3	1	1	4	2	2	0	6	33	9	7	15	1	11	2	16	5	28	2	12	3	1	8	4	6	2	0	5	8	3	11	4	2	29	18	12	2
2016073	466	815	1	1	1	4	4	5	2	5	8	3	1	7	34	10	8	16	2	12	8	17	6	1	1	13	4	2	9	5	7	3	1	6	9	4	12	5	3	30	19	13	14
2016074	945	777	2	1	2	5	5	1	3	7	1	4	2	8	35	11	9	17	3	7	1	18	7	1	2	14	5	3	10	7	8	4	2	7	10	5	13	1	4	7	20	14	21
2016075	788	845	3	2	3	6	4	5	4	1	8	5	3	9	36	12	10	18	4	1	8	19	8	2	3	15	4	4	11	1	9	5	3	8	11	6	14	5	5	1	21	15	17
2016076	274	644	4	3	4	7	4	1	6	2	1	6	4	10	37	13	11	19	6	2	1	20	9	3	4	16	4	5	12	2	10	6	4	9	12	7	4	1	6	2	22	16	14
2016077	814	717	5	1	5	8	1	2	1	7	2	7	5	11	38	14	12	20	1	7	2	21	10	1	5	17	1	6	13	3	11	7	5	10	13	8	1	2	7	7	23	17	15
2016078	526	908	0	1	6	9	2	3	2	1	8	9	6	12	39	15	13	21	2	1	3	9	0	1	6	18	2	7	14	4	12	8	6	11	14	9	2	3	8	1	8	18	17
2016079	600	075	0	2	7	10	3	5	3	7	1	1	0	13	40	16	14	22	3	2	4	1	1	2	7	19	3	8	15	7	13	9	7	12	15	10	3	5	9	2	1	19	12
2016080	698	261	1	1	2	11	4	1	6	1	2	2	1	14	2	17	15	23	4	3	5	2	2	3	8	20	4	9	6	1	14	10	8	1	16	11	4	1	10	3	2	20	9
2016081	609	635	2	1	1	3	5	5	6	2	3	3	2	15	1	18	16	24	6	4	6	3	3	4	9	3	5	10	1	2	15	11	9	1	17	12	5	5	11	4	3	21	14
2016082	358	640	0	2	2	1	4	1	6	3	4	4	3	16	2	19	17	25	6	5	7	4	4	5	10	1	4	11	2	3	16	12	0	2	18	13	6	1	12	5	4	22	10
2016083	980	289	1	3	2	2	1	2	1	4	8	9	4	17	2	20	18	26	1	6	8	5	5	6	11	2	1	12	3	4	8	13	1	3	19	14	7	2	13	6	5	9	19
2016084	090	282	2	4	2	3	2	3	2	5	8	1	5	18	2	21	19	27	2	7	9	6	6	7	12	3	2	13	4	5	8	14	2	4	2	15	8	3	14	7	6	1	12
2016085	972	967	3	5	1	4	3	4	6	7	1	9	6	19	1	22	20	28	3	8	10	9	7	8	13	4	3	14	6	6	1	15	3	5	1	16	9	4	15	7	7	2	22
2016086	558	249	4	6	2	5	4	5	1	1	2	9	7	20	2	23	21	29	4	9	11	1	8	9	14	5	4	15	1	7	2	16	4	6	2	17	10	5	16	1	8	9	15
2016087	487	099	0	7	1	6	1	6	2	2	3	9	0	21	1	24	22	30	5	10	12	2	9	10	15	6	1	16	2	8	3	9	5	7	3	18	11	6	17	2	9	9	18
2016088	957	473	1	8	2	3	4	7	3	7	4	1	1	22	2	25	4	31	6	11	13	3	10	11	16	7	2	17	3	7	4	1	6	8	4	3	12	7	18	3	10	1	14
2016089	242	111	2	1	3	1	1	8	4	1	5	2	2	1	3	26	1	32	7	12	14	4	11	1	17	8	3	18	4	1	5	2	7	1	5	1	13	8	19	4	11	2	3
2016090	894	954	3	1	4	2	4	5	5	2	6	9	3	1	4	27	2	33	8	13	15	9	12	1	18	9	4	5	5	2	6	3	8	1	6	2	4	9	20	5	12	3	18
2016091	334	405	0	2	5	3	4	5	6	3	7	1	4	2	5	28	4	34	9	14	16	1	0	2	19	10	5	1	6	3	7	4	9	2	7	3	1	5	21	6	13	4	9
2016092	902	875	1	3	6	4	1	5	7	7	8	2	5	3	6	29	1	35	10	15	8	2	1	3	20	11	6	2	7	7	8	5	10	3	8	4	2	5	22	7	14	5	20
2016093	078	622	2	4	2	5	2	1	6	1	1	3	6	4	7	30	2	36	6	16	1	3	2	4	2	12	7	3	8	1	9	6	11	4	2	5	3	1	23	8	15	6	10
2016094	821	824	3	5	2	6	4	2	1	2	8	4	7	5	8	31	3	37	1	17	8	4	3	5	2	13	8	4	9	2	10	7	12	5	1	6	4	2	24	9	16	7	14
2016095	960	704	0	6	1	7	4	3	2	7	1	5	8	6	9	32	4	38	2	7	1	5	0	6	1	14	9	5	10	3	11	8	13	6	2	7	4	3	25	10	17	8	11
2016096	830	348	1	7	2	3	4	4	3	1	8	6	9	7	10	3	5	39	3	1	2	6	1	7	2	15	4	6	11	4	12	9	14	7	3	8	1	4	26	11	8	9	15
2016097	607	532	2	8	2	3	1	5	4	2	1	7	10	8	11	1	6	5	4	2	3	7	2	8	3	3	1	7	12	5	13	10	15	8	2	9	2	5	27	12	1	10	10
2016098	160	414	3	1	1	1	4	1	5	3	2	8	11	9	12	2	4	1	5	3	4	8	3	1	4	1	2	8	13	6	14	11	16	9	1	10	4	6	28	13	2	11	9
2016099	965	217	4	1	2	2	1	2	6	7	3	9	12	10	2	3	1	2	6	4	5	9	4	1	5	2	3	9	14	7	15	12	17	10	2	11	1	7	29	7	3	12	10
2016100	373	551	5	1	1	3	2	5	7	1	4	10	13	11	1	4	2	5	7	5	6	10	5	1	6	3	4	5	15	8	16	13	18	1	3	12	2	8	30	1	4	13	11
2016101	193	061	0	1	2	4	3	1	6	2	5	11	0	12	2	5	3	1	8	6	7	11	6	2	7	4	5	1	6	9	17	14	19	1	4	13	3	9	31	2	5	14	7
2016102	066	282	1	1	2	5	4	2	1	3	8	12	1	13	2	6	4	2	9	7	8	12	7	3	8	5	6	2	1	10	8	15	20	1	2	14	4	10	32	3	6	15	12
2016103	964	126	2	1	2	6	5	3	6	4	1	13	2	1	1	7	5	3	10	8	9	13	8	4	2	6	7	3	2	11	1	16	21	2	1	15	5	11	6	4	7	16	9
2016104	452	900	0	1	1	7	6	4	1	5	2	9	3	1	2	8	6	4	11	9	10	9	0	5	1	7	8	4	3	12	2	17	0	3	2	16	6	12	1	5	8	17	9
2016105	618	699	1	2	2	8	7	5	6	6	3	9	4	2	3	9	7	5	6	10	11	1	1	6	2	8	9	5	4	13	3	9	1	4	3	17	7	13	2	6	9	9	24
2016106	718	043	0	3	3	3	4	6	1	7	4	1	0	3	4	10	8	6	1	11	12	2	2	7	3	9	4	6	5	14	4	1	2	5	4	3	8	14	3	7	10	1	7
2016107	653	238	1	4	2	3	1	7	2	8	8	2	1	4	2	11	9	7	2	12	13	3	3	8	4	3	1	7	6	15	5	2	3	6	5	1	9	15	4	8	8	2	13
2016108	096	480	0	5	1	1	4	8	3	9	8	3	2	5	1	12	4	8	3	13	14	4	4	9	5	1	2	8	7	16	8	3	0	7	6	2	10	16	5	9	1	3	12
2016109	663	100	0	1	2	2	1	9	4	10	1	4	3	1	2	13	1	9	4	14	15	5	0	10	6	2	3	9	8	17	1	4	0	8	7	3	11	17	6	10	2	4	1
2016110	017	650	0	1	3	3	2	5	6	11	2	5	4	1	3	14	2	10	6	15	16	6	1	11	7	3	4	5	9	18	2	5	0	9	8	4	12	18	7	11	3	5	11
2016111	982	336	1	2	4	3	3	1	6	12	3	6	5	2	4	3	3	11	1	16	17	7	2	12	8	3	5	1	10	19	3	6	1	10	9	5	13	19	6	12	4	6	12
2016112	277	340	0	3	5	3	4	2	1	13	4	7	6	3	5	3	4	12	2	17	18	8	3	13	9	1	4	2	11	20	4	7	0	11	10	6	14	20	1	13	5	7	7
2016113	862	679	1	4	6	1	1	3	6	7	5	9	7	4	6	1	5	13	6	18	19	9	4	14	10	2	1	3	12	7	5	8	1	12	11	7	15	21	2	14	6	9	22
2016114	676	981	2	1	7	2	2	4	1	1	8	9	8	5	7	2	6	14	1	19	20	9	5	15	11	3	2	4	13	1	8	9	2	1	12	8	16	22	3	15	7	1	18
2016115	506	631	3	1	8	3	3	5	6	2	1	1	9	6	8	3	7	15	6	20	21	1	6	16	12	3	3	5	14	2	1	10	3	1	13	9	17	23	4	16	8	2	10
2016116	735	425	4	1	2	1	4	5	1	3	2	2	10	7	9	4	4	16	1	21	22	2	7	17	2	1	4	6	15	3	2	11	4	1	14	10	18	5	5	17	9	3	11
2016117	331	326	5	2	2	3	1	1	6	4	3	3	11	8	10	3	1	17	2	22	23	3	8	18	2	2	5	7	16	4	3	12	5	2	15	11	19	1	6	18	10	4	11
2016118	896	703	0	3	1	3	2	2	1	7	4	4	12	9	11	1	2	18	3	7	24	4	0	19	1	3	6	8	17	5	4	13	6	3	16	3	20	2	1	19	11	5	10
2016119	310	308	0	4	2	3	3	3	2	1	8	5	13	10	12	3	3	19	4	1	25	5	0	20	2	4	7	9	18	6	5	14	7	4	17	1	21	3	2	20	8	6	11
2016120	415	936	1	5	3	3	4	4	6	2	1	9	14	11	13	1	4	20	5	2	26	9	1	21	3	3	8	10	19	7	6	15	8	5	18	2	22	4	6	21	1	7	18
2016121	223	843	2	6	4	3	4	5	1	3	8	1	15	12	14	2	5	21	6	3	8	1	2	22	4	1	4	11	20	8	7	16	9	6	19	3	23	5	1	22	2	8	15
2016122	351	762	3	7	2	1	1	6	6	7	1	2	16	13	15	3	6	22	7	7	1	2	3	23	5	2	1	12	6	9	8	17	10	7	2	1	24	6	2	23	3	9	15
2016123	857	708	0	8	1	2	2	7	1	7	8	3	17	14	16	4	7	23	8	7	2	3	0	24	6	3	2	13	1	10	9	18	11	8	1	2	25	7	3	24	8	10	15
2016124	971	914	1	1	2	3	4	8	2	1	1	9	18	15	17	5	8	24	9	1	3	9	1	1	7	4	3	14	2	11	10	19	12	9	2	3	4	8	4	25	1	11	14
2016125	108	594	2	1	3	4	4	5	3	2	2	9	19	16	18	6	9	5	10	2	4	1	2	1	8	5	4	15	3	12	11	9	13	10	3	4	4	9	5	26	2	12	18
2016126	819	134	3	1	4	3	4	1	4	3	3	1	20	1	19	7	10	1	11	3	5	2	3	2	9	3	5	16	4	13	12	1	14	11	4	5	4	10	6	27	3	13	8
2016127	070	957	4	1	5	1	1	5	5	7	4	9	21	1	20	8	11	2	12	4	6	9	4	3	10	1	6	5	5	14	13	2	15	12	5	6	1	11	7	7	4	14	21
2016128	670	123	5	1	2	3	2	1	6	1	5	1	22	1	21	9	12	3	13	5	7	1	5	4	2	2	7	1	6	15	14	3	16	13	6	3	2	12	8	1	5	15	6
2016129	477	641	6	1	1	1	4	2	6	2	6	2	23	1	22	10	13	4	6	6	8	2	6	5	1	3	4	2	7	16	15	4	17	1	7	1	3	13	9	2	6	16	11
2016130	691	862	7	1	2	2	1	3	6	3	8	3	24	2	23	11	14	5	1	7	8	3	7	6	2	4	1	3	6	17	16	5	18	1	2	2	4	14	10	3	7	17	16
2016131	680	753	8	2	1	3	2	5	1	7	1	4	25	3	24	12	15	6	2	7	1	4	8	7	3	5	2	5	1	18	17	6	19	2	1	3	5	15	11	4	8	18	15
2016132	469	453	9	3	2	3	4	5	2	1	2	5	26	4	25	13	4	7	3	1	2	5	9	8	4	6	3	5	2	19	18	7	20	3	2	3	6	16	12	5	9	19	12
2016133	449	691	10	1	3	1	1	1	6	2	3	9	27	5	26	14	1	8	6	2	3	6	10	9	5	7	4	1	3	20	19	9	21	1	3	1	7	17	13	6	10	20	16
2016134	811	107	0	1	4	2	2	2	1	7	4	1	28	1	27	15	2	9	1	3	4	7	0	10	6	8	5	2	4	21	20	1	22	1	4	2	8	18	14	7	11	21	8
2016135	995	732	1	1	2	3	3	3	2	7	5	2	29	1	28	16	3	10	2	7	5	8	1	11	7	3	6	3	5	22	21	2	23	2	2	3	9	19	15	1	12	22	12
2016136	219	619	2	1	1	1	4	4	6	1	6	9	30	2	29	17	4	11	6	1	6	9	2	1	8	1	7	4	6	23	22	3	24	3	1	4	10	20	16	2	13	9	16
2016137	327	393	3	1	2	3	5	5	1	2	7	9	31	3	30	3	5	12	1	2	7	10	3	1	9	2	8	5	7	24	23	9	25	4	2	3	11	21	17	3	14	1	15
2016138	000	560	0	2	3	1	6	5	6	3	8	1	32	4	31	1	6	5	2	3	8	11	4	2	10	3	9	6	6	25	24	1	0	5	3	1	12	22	18	4	15	2	11
2016139	393	250	0	3	2	2	7	5	1	4	9	2	33	5	2	2	7	1	3	4	9	12	5	3	11	4	10	5	1	26	25	2	0	6	4	2	13	23	19	5	16	3	7
2016140	053	787	1	4	1	3	8	1	2	7	8	3	34	6	1	3	8	2	4	7	10	13	6	4	12	5	11	1	2	27	8	3	1	7	5	3	14	24	20	7	17	4	22
2016141	098	688	2	5	2	4	9	2	6	1	8	4	35	7	2	4	9	3	6	1	11	14	7	5	13	6	12	2	3	28	8	4	2	8	6	4	15	25	21	1	8	5	22
2016142	044	435	3	6	3	3	4	5	1	2	1	5	36	8	3	5	4	4	1	2	12	15	8	6	14	3	13	3	4	29	1	5	3	9	7	5	16	5	22	2	1	6	12
2016143	029	503	0	7	4	3	1	5	2	3	2	6	37	9	4	6	1	5	2	3	13	16	0	7	15	1	14	4	5	30	2	6	4	10	8	3	17	1	23	3	2	7	8
2016144	360	625	1	8	2	1	2	5	6	4	3	7	38	10	5	7	2	1	6	4	14	17	1	8	2	2	15	5	6	31	3	7	5	11	9	1	18	5	24	4	3	8	13
2016145	070	941	2	1	1	2	4	1	1	5	4	9	39	11	6	8	3	2	1	5	15	9	2	9	1	3	4	6	7	32	4	8	6	1	10	2	19	1	25	5	4	9	14
2016146	354	761	3	1	2	3	1	2	6	7	5	1	40	12	7	9	4	3	2	7	16	1	3	10	2	4	1	7	6	33	5	9	7	1	11	3	20	2	26	6	5	10	14
2016147	586	989	4	1	3	4	2	3	1	1	8	9	41	13	8	10	5	4	3	1	17	9	4	11	3	5	2	8	1	34	8	10	8	1	12	4	21	3	27	7	6	9	26
2016148	207	813	5	1	4	3	3	4	2	2	8	1	42	14	9	11	6	5	4	2	8	1	5	1	4	6	3	9	2	35	1	11	9	2	13	3	22	4	28	8	7	1	12
2016149	624	753	6	1	5	3	4	5	3	7	1	2	43	15	10	12	7	6	5	7	1	2	6	1	5	7	4	5	3	36	2	12	10	3	14	3	23	5	29	9	8	2	15
2016150	277	912	7	1	2	1	5	1	4	1	2	9	44	16	11	13	8	7	6	1	2	9	7	1	6	8	5	1	4	37	3	13	11	4	2	1	24	6	30	10	9	3	12
2016151	887	336	8	1	1	3	6	2	6	2	3	1	45	17	12	3	9	8	7	2	3	1	8	1	7	3	6	2	5	38	4	14	12	5	1	2	25	7	6	11	10	4	12
2016152	512	498	9	2	2	1	4	3	1	3	8	9	46	18	13	1	4	9	8	3	4	2	9	2	8	1	7	3	6	39	5	9	13	6	2	3	26	8	1	12	8	5	21
2016153	788	174	10	1	3	2	4	4	2	7	1	1	47	1	14	2	1	10	9	4	5	3	10	3	9	2	8	4	7	7	6	1	14	7	3	4	4	9	2	13	1	6	12
2016154	296	839	11	1	4	3	1	5	3	1	8	9	48	1	15	3	2	11	10	5	8	4	11	4	10	3	9	5	8	1	7	2	15	8	4	5	1	10	3	14	2	9	20
2016155	553	784	12	2	5	1	4	6	4	7	8	1	49	2	16	4	3	12	11	7	1	5	12	5	11	1	10	6	9	2	8	3	16	9	5	6	4	11	4	15	3	1	19
2016156	002	278	13	3	2	2	1	7	5	7	8	2	50	3	2	5	4	13	12	1	2	6	13	6	12	2	11	7	10	7	1	4	17	10	6	7	1	12	5	16	8	2	17
2016157	423	151	14	1	1	3	2	5	6	1	1	3	51	1	1	6	5	14	13	2	3	7	14	7	13	3	12	5	11	1	2	5	18	1	7	8	2	13	6	17	1	3	7
2016158	696	920	0	1	2	4	3	1	7	2	2	9	52	1	2	7	6	15	14	3	4	9	15	8	2	4	13	1	12	2	3	6	0	1	8	9	3	14	7	18	2	4	11
2016159	729	691	1	1	1	5	4	2	6	3	3	9	53	2	3	8	7	16	6	4	5	1	16	9	1	5	14	2	13	3	4	9	1	1	9	10	4	15	8	19	3	5	16
2016160	523	017	0	1	2	6	5	3	1	7	4	1	0	3	4	9	8	17	1	5	6	2	17	1	2	6	15	3	14	4	5	1	2	1	10	11	5	16	9	7	4	6	8
2016161	854	041	0	1	3	7	4	4	2	1	5	2	0	4	5	10	9	18	2	6	7	3	18	1	3	7	4	4	15	5	6	2	3	1	11	12	6	17	10	1	5	7	5
2016162	038	634	1	1	4	3	4	5	6	2	6	3	1	5	6	11	10	19	6	7	8	4	19	2	4	3	1	5	16	6	7	3	4	1	12	13	4	18	11	2	6	8	13
2016163	000	033	0	2	5	3	1	6	1	3	7	4	0	6	7	12	11	20	1	8	9	5	20	3	5	3	2	6	17	7	8	4	5	2	13	3	1	19	12	3	7	9	6
2016164	674	273	1	3	2	3	2	7	2	7	8	5	1	7	2	13	12	21	2	9	10	6	21	4	6	1	3	7	18	7	9	5	6	3	14	3	2	20	13	4	8	10	12
2016165	062	041	0	1	1	1	4	8	3	1	9	6	0	8	1	14	13	22	3	10	11	7	22	5	7	2	4	8	19	1	10	6	7	1	15	1	3	21	14	5	9	11	5
2016166	675	396	1	1	2	3	1	9	6	2	10	9	1	9	2	3	14	23	4	11	12	8	23	6	8	3	1	9	20	2	11	9	8	1	16	2	4	22	6	6	10	12	18
2016167	562	249	2	2	2	1	4	10	1	3	11	9	2	10	2	1	15	24	5	12	13	9	24	7	9	4	4	10	21	3	12	1	9	2	17	3	5	23	1	7	11	9	15
2016168	165	119	3	1	1	2	1	11	2	4	12	9	3	1	1	2	16	25	6	13	14	10	25	1	10	5	1	11	22	4	13	2	10	3	18	4	6	24	2	8	12	9	11
2016169	826	706	0	1	2	3	2	12	6	7	13	1	4	1	2	3	17	26	7	7	15	11	0	1	11	6	2	12	23	5	14	3	11	4	19	5	7	25	6	9	13	1	13
2016170	328	909	0	2	3	4	3	13	1	1	14	9	5	2	3	4	18	27	8	1	16	9	0	2	12	7	3	13	24	6	15	4	12	5	20	6	8	26	1	10	14	9	18
2016171	900	598	1	3	4	5	4	5	2	2	8	9	6	3	4	5	19	5	9	2	17	1	1	3	13	8	4	14	25	7	16	9	13	6	21	7	9	27	2	11	8	1	22
2016172	006	323	2	4	2	3	5	1	3	3	1	1	7	4	5	3	20	1	10	3	18	2	2	4	2	9	5	15	26	8	17	1	14	7	22	3	10	28	3	12	1	2	8
2016173	641	695	3	5	1	1	6	5	6	4	2	9	8	5	6	1	21	2	6	4	19	3	3	5	1	10	6	16	27	9	18	9	15	8	23	1	11	5	4	13	2	3	20
2016174	050	007	0	6	2	2	7	1	1	7	3	1	0	6	7	2	22	3	1	5	20	4	0	6	2	11	7	17	28	10	19	1	16	9	24	2	12	1	5	7	3	4	7
2016175	583	641	1	1	3	3	4	2	6	1	4	2	1	7	8	3	23	4	6	6	21	5	1	7	3	12	4	18	29	11	20	2	17	1	25	3	13	2	6	1	4	5	11
2016176	692	712	2	1	2	4	1	3	1	7	5	3	2	8	9	4	24	5	1	7	22	6	2	1	4	13	1	19	30	12	21	3	18	1	2	4	14	3	7	2	5	6	10
2016177	191	195	3	1	1	5	2	5	2	1	6	9	3	1	10	5	25	6	2	1	23	7	3	1	5	14	2	20	31	13	22	9	19	2	1	5	15	5	8	3	6	7	15
2016178	582	244	4	1	2	6	4	1	3	2	7	1	4	1	2	6	26	7	3	2	24	8	4	2	6	15	4	21	32	14	23	1	20	3	2	6	4	1	9	4	7	8	10
2016179	517	387	5	2	1	3	1	2	4	7	8	2	5	2	1	3	27	8	4	3	25	9	5	3	7	16	1	22	33	15	8	2	21	4	3	7	1	2	10	7	8	9	18
2016180	090	659	6	3	2	1	2	5	6	1	1	9	6	3	2	1	28	9	6	4	26	10	6	4	8	17	2	5	34	16	1	3	22	5	4	8	2	3	11	1	9	9	20
2016181	534	869	7	4	3	2	3	1	6	2	8	9	7	4	3	2	29	10	1	5	8	11	7	5	9	18	3	1	6	17	2	4	23	6	5	9	3	4	12	2	10	9	23
2016182	614	489	8	5	4	3	4	2	1	3	8	9	8	5	4	3	4	11	2	6	1	12	8	6	10	19	4	2	1	18	8	5	24	7	6	10	4	5	13	3	11	9	21
2016183	090	695	9	6	5	4	1	5	6	4	1	9	9	6	5	4	1	12	6	7	2	13	9	7	11	20	5	3	2	19	1	9	25	8	7	11	5	5	14	4	12	1	20
2016184	674	703	0	7	6	3	2	1	1	7	2	1	10	7	6	5	2	13	1	7	3	14	0	8	12	21	6	4	3	20	2	1	26	9	8	3	6	1	15	5	13	2	10
2016185	906	380	0	8	7	3	3	2	2	1	8	2	11	8	7	3	3	14	2	1	4	15	1	9	13	22	7	5	4	21	8	2	0	10	9	1	7	2	16	6	14	3	11
2016186	726	618	1	1	8	1	4	3	6	2	8	3	12	9	8	1	4	15	6	2	5	16	2	1	14	23	8	6	5	22	1	3	1	11	10	2	8	3	17	7	8	4	15
2016187	050	139	2	1	9	3	5	4	1	3	1	9	13	1	9	2	5	16	1	3	6	17	3	1	15	3	9	7	6	23	2	4	2	12	11	3	9	4	18	8	1	9	13
2016188	038	099	0	1	10	1	6	5	2	4	2	9	0	1	10	3	6	17	2	4	7	18	4	2	16	1	10	8	7	24	3	9	3	13	12	4	10	5	19	9	2	9	18
2016189	311	790	0	2	11	2	7	6	3	7	3	9	1	2	11	4	7	18	3	7	8	19	5	3	17	2	11	9	8	25	4	9	0	14	13	5	11	6	20	10	3	1	16
2016190	450	823	1	3	2	3	8	7	4	1	8	1	2	3	12	5	8	19	4	1	8	20	6	4	2	3	12	10	9	26	5	1	1	15	14	3	12	7	21	11	4	2	13
2016191	075	308	0	4	1	3	9	8	5	2	8	2	3	4	13	3	9	20	5	2	1	21	0	5	1	4	13	11	10	27	6	2	2	16	15	1	13	8	22	12	8	3	11
2016192	945	661	1	1	2	1	10	9	6	3	1	3	4	5	14	1	10	21	6	3	2	22	1	6	2	5	14	12	6	28	7	3	3	1	16	2	14	9	23	13	1	4	13
2016193	746	695	2	1	3	2	11	5	6	4	2	9	5	6	15	2	11	22	6	4	3	23	2	7	3	6	15	13	1	29	8	9	4	1	17	3	15	5	24	14	2	5	20
2016194	170	407	0	2	4	3	4	1	1	7	3	1	6	7	16	3	4	23	1	5	4	24	0	8	4	7	16	14	2	30	9	1	5	2	18	4	16	1	25	7	3	6	11
2016195	972	610	0	1	5	4	1	2	6	1	4	2	7	8	17	4	1	24	6	6	5	25	1	1	5	8	17	15	3	31	10	2	0	3	19	5	17	2	26	1	4	7	7
2016196	609	907	0	1	6	5	2	3	1	7	5	9	8	9	18	5	2	25	1	7	6	9	0	1	6	9	18	16	4	32	11	3	1	4	20	6	18	3	27	7	5	8	16
2016197	876	915	1	1	7	6	3	5	2	1	6	9	9	10	19	6	3	26	2	8	7	9	1	1	7	10	19	17	5	33	12	4	2	5	21	7	19	5	28	1	6	9	15
2016198	150	303	0	1	8	3	4	1	3	2	7	1	10	11	20	3	4	27	3	9	8	1	0	1	8	11	20	18	6	34	13	5	3	6	22	3	20	1	29	2	7	10	6
2016199	901	347	1	2	9	3	4	2	4	7	8	2	11	12	21	3	5	28	4	10	9	2	1	2	9	12	4	19	7	35	14	6	4	7	23	1	21	2	30	7	8	11	14
2016200	463	932	2	3	2	3	1	3	5	1	9	9	12	13	22	1	6	29	5	11	10	9	2	3	10	3	1	20	8	36	15	7	5	8	2	2	22	3	31	1	9	12	14
2016201	146	320	0	4	2	3	2	4	6	2	10	1	13	14	23	3	7	30	6	12	11	1	3	4	2	1	2	21	9	37	16	8	0	9	1	3	23	4	32	2	10	13	5
2016202	431	784	1	5	1	1	4	5	7	7	8	2	14	15	24	1	8	31	7	7	12	2	4	5	1	2	3	22	10	38	8	9	1	10	2	4	4	5	33	3	11	14	19
2016203	096	975	2	6	2	2	1	5	8	7	1	9	15	16	25	2	9	32	8	1	13	9	5	6	2	3	4	23	11	7	1	10	2	11	3	5	1	5	34	4	12	15	21
2016204	094	329	3	7	2	3	2	1	9	1	2	9	16	17	26	3	10	33	9	2	14	1	6	7	2	4	5	24	12	1	2	11	3	12	4	6	2	1	35	5	13	9	14
2016205	952	499	4	8	1	1	4	2	10	2	3	9	17	18	27	1	4	34	10	3	15	2	7	8	1	5	6	25	13	2	3	9	4	13	5	7	3	2	36	6	14	9	22
2016206	942	173	5	1	2	3	1	3	11	7	4	1	18	1	28	2	1	35	11	4	16	3	8	9	2	6	7	26	14	7	4	1	5	14	6	3	4	3	37	7	15	1	11
2016207	207	596	6	1	3	1	2	5	6	1	5	9	19	1	29	3	2	5	12	5	17	4	9	10	3	7	8	27	15	1	5	9	6	15	7	1	5	4	6	8	16	2	20
2016208	911	950	0	2	4	2	3	5	1	2	6	9	20	2	30	4	3	1	13	6	18	9	10	11	4	8	9	5	16	2	6	1	0	16	8	2	6	5	1	9	17	3	14
2016209	778	023	0	3	2	3	4	1	2	3	7	1	0	3	31	5	4	2	14	7	19	1	11	12	2	9	10	1	17	3	7	2	1	17	9	3	7	6	2	10	18	4	5
2016210	837	279	1	4	2	1	5	2	3	7	8	9	1	4	2	6	5	3	15	8	20	2	12	13	1	10	11	2	18	7	8	3	2	18	10	1	8	7	3	11	19	9	18
2016211	504	634	2	5	1	3	4	3	6	1	9	1	2	5	1	7	6	4	6	9	21	3	13	14	2	3	12	3	19	1	9	4	3	19	11	2	4	8	4	12	20	1	13
2016212	461	038	0	6	2	3	1	4	1	2	8	2	0	6	2	8	7	5	1	10	22	4	14	15	3	3	13	4	20	2	10	5	4	20	12	3	1	9	5	13	8	2	11
2016213	031	173	1	1	3	3	2	5	2	7	1	3	1	1	3	9	8	6	2	11	23	5	15	16	4	1	14	5	21	7	11	6	5	21	13	3	2	10	6	14	1	3	11
2016214	594	942	2	1	2	1	4	6	3	1	2	9	2	1	4	10	9	7	3	12	24	9	16	17	5	2	4	6	22	1	12	7	6	22	2	1	3	11	7	15	2	4	15
2016215	269	144	3	1	1	2	4	7	4	2	3	1	3	1	5	11	10	8	4	13	25	1	17	18	6	3	4	7	23	2	13	8	7	23	1	2	4	12	8	16	3	5	9
2016216	610	334	4	1	2	3	4	8	5	3	4	2	4	1	6	3	11	9	5	14	26	2	18	19	7	3	1	8	24	3	14	9	8	24	2	3	4	13	9	17	4	6	10
2016217	092	038	0	2	3	3	1	9	6	4	8	3	0	2	7	1	12	10	6	15	27	3	19	20	8	3	2	9	25	4	15	10	9	25	3	4	1	14	10	18	8	7	11
2016218	318	233	1	3	2	3	2	10	7	5	1	4	1	3	2	2	13	11	7	16	28	4	20	21	9	3	3	10	26	5	16	11	10	26	4	3	2	15	11	19	1	8	8
2016219	241	410	0	1	1	1	4	11	8	6	2	5	2	4	1	3	4	12	8	17	29	5	21	1	10	1	4	11	27	6	17	12	0	27	5	1	3	16	12	20	2	9	5
2016220	734	367	1	1	2	3	1	12	6	7	3	6	3	5	2	3	1	13	9	18	30	6	22	1	11	2	5	12	6	7	18	13	1	28	6	2	4	17	13	7	3	10	16
2016221	519	808	0	2	3	1	2	13	1	1	8	7	4	6	3	1	2	14	10	19	8	7	0	2	12	3	6	13	1	8	19	14	2	29	7	3	5	18	14	1	8	11	16
2016222	653	404	0	3	4	2	4	14	2	2	1	8	5	7	4	2	4	15	11	20	1	8	0	3	13	4	7	14	2	9	20	15	3	30	8	4	4	19	15	2	1	12	8
2016223	928	297	1	4	2	3	1	15	3	7	2	9	6	8	2	3	1	16	12	21	2	9	1	4	14	5	8	15	3	10	21	9	4	31	9	5	1	20	16	7	2	13	18
2016224	801	278	2	5	2	4	2	16	4	7	8	1	7	9	2	4	2	17	13	22	3	10	2	5	15	6	9	16	4	7	22	1	5	32	10	6	2	21	17	1	8	14	17
2016225	715	212	3	1	2	5	3	17	5	1	1	2	8	10	2	5	3	18	14	23	4	11	3	1	16	7	10	17	5	1	23	2	6	33	2	7	3	22	18	2	1	15	5
2016226	633	289	4	1	2	6	4	18	6	2	8	9	9	11	2	6	4	19	15	24	5	12	4	1	17	8	11	18	6	2	8	3	7	34	1	8	4	23	19	3	2	9	19
2016227	201	698	5	2	1	7	5	19	6	3	8	9	10	12	1	7	5	20	6	25	6	13	5	2	18	9	12	19	7	3	1	9	8	35	2	9	5	24	20	4	8	1	23
2016228	081	188	6	1	2	8	6	20	1	4	8	1	11	1	2	8	6	21	1	26	7	14	6	3	19	10	13	20	8	4	8	1	9	36	3	10	6	25	21	5	8	2	17
2016229	974	378	7	1	3	3	7	21	2	7	8	2	12	1	3	3	7	22	2	27	8	15	7	4	20	11	14	21	9	7	1	2	10	37	4	11	7	26	22	6	8	3	18
2016230	495	497	8	2	4	1	4	22	3	7	1	9	13	2	4	1	4	23	3	28	9	16	8	5	21	12	15	22	10	1	2	9	11	38	5	12	8	27	23	7	1	4	20
2016231	922	458	9	3	5	2	4	5	4	1	8	1	14	3	5	2	4	24	4	29	10	17	9	6	22	13	16	5	11	2	3	1	12	39	6	13	9	28	24	1	8	5	17
2016232	711	132	10	1	2	3	1	1	5	2	1	2	15	1	6	3	1	25	5	30	11	18	10	7	23	3	17	1	12	3	4	2	13	40	2	14	10	29	25	2	1	6	6
2016233	270	694	11	1	1	1	4	2	6	3	2	9	16	1	7	4	2	26	6	31	12	19	11	8	24	1	18	2	13	4	5	9	14	41	1	15	4	30	26	3	2	7	19
2016234	189	204	0	2	2	2	4	3	1	4	3	1	17	2	2	5	3	27	1	32	13	20	0	9	25	2	19	3	14	5	6	1	15	42	2	16	4	31	27	4	3	8	6
2016235	700	554	1	3	1	3	4	5	2	5	4	2	18	3	1	6	4	5	2	33	14	21	1	10	26	3	20	5	15	6	7	2	16	43	3	17	4	32	28	5	4	9	14
2016236	946	891	2	1	2	4	1	1	3	6	8	9	19	4	2	7	5	1	3	34	8	22	2	11	27	4	21	1	16	7	8	9	17	1	4	18	1	33	29	6	5	10	18
2016237	979	531	3	1	3	3	2	5	4	7	1	1	20	5	3	8	6	5	4	35	1	23	3	12	28	3	22	2	17	8	9	1	18	1	5	19	2	34	30	7	6	11	9
2016238	021	037	0	1	4	3	3	1	5	7	2	2	0	6	4	9	7	1	5	36	2	24	4	13	29	3	23	3	18	9	10	2	19	1	6	20	3	35	31	7	7	12	10
2016239	310	560	0	2	5	1	4	5	6	1	3	3	1	7	5	10	8	5	6	37	3	25	5	14	30	1	24	4	6	10	11	3	0	2	7	21	4	36	32	1	8	13	11
2016240	199	087	0	3	6	2	5	1	1	7	8	4	0	8	6	11	9	1	7	38	4	26	6	15	31	2	25	5	1	11	8	4	1	3	8	22	5	37	33	7	9	14	15
2016241	010	499	1	4	7	3	4	2	2	1	1	9	1	9	7	12	4	2	8	39	5	27	7	16	32	3	26	6	2	12	1	9	2	4	9	23	6	38	34	1	10	9	22
2016242	904	395	2	5	8	3	1	5	3	2	2	9	2	10	8	3	1	3	9	40	6	28	8	17	33	4	27	7	3	13	2	9	3	5	10	24	7	5	35	2	11	1	17
2016243	600	446	3	6	9	1	4	1	6	3	3	1	3	11	9	1	4	4	10	41	7	29	9	18	34	5	4	8	4	14	3	1	4	6	11	25	8	1	6	3	12	2	14
2016244	261	699	4	7	10	2	1	2	6	4	4	9	4	12	10	2	1	5	6	42	8	30	10	19	35	6	1	9	5	15	4	9	5	7	12	26	9	2	1	4	13	9	24
2016245	406	760	0	8	11	3	2	3	6	7	5	1	5	13	11	3	2	6	1	7	9	31	11	20	36	7	2	10	6	16	5	1	0	8	13	27	10	3	2	5	14	1	13
2016246	216	319	1	1	12	3	3	4	1	1	6	9	6	14	12	3	3	7	2	1	10	32	12	1	37	8	3	11	1	17	6	2	1	9	14	28	11	4	3	6	15	9	13
2016247	700	441	2	1	13	1	4	5	2	2	7	1	7	15	13	1	4	8	3	2	11	33	13	1	38	9	4	12	2	18	7	3	2	1	15	29	12	5	4	7	16	1	9
2016248	886	139	3	1	14	3	1	6	3	3	8	9	8	1	14	2	1	9	4	3	12	34	14	2	39	3	1	13	3	19	8	4	3	1	16	30	13	6	5	8	17	9	13
2016249	265	109	0	1	15	1	2	7	4	4	9	9	9	1	15	3	2	10	5	4	13	35	0	3	40	1	2	14	4	20	9	5	4	2	17	31	14	7	6	9	18	9	10
2016250	014	416	1	1	16	2	4	8	6	5	10	1	10	1	16	4	4	11	6	5	14	36	1	1	41	2	3	15	5	21	10	6	5	3	18	32	15	8	6	10	19	1	11
2016251	424	860	0	1	17	3	1	9	6	6	8	2	11	2	17	5	1	12	7	6	8	37	2	1	42	3	4	16	6	22	11	7	0	4	19	33	16	9	1	11	20	2	14
2016252	522	052	0	2	2	4	2	5	1	7	1	3	0	3	18	6	2	13	8	7	1	38	3	2	43	4	5	5	1	23	12	8	1	5	2	34	17	10	2	12	21	3	7
2016253	104	265	1	3	2	5	3	5	6	8	2	4	1	4	2	7	3	14	9	8	2	39	4	3	44	5	6	1	6	24	13	9	2	6	1	35	18	5	3	13	22	4	13
2016254	399	564	2	4	1	6	4	5	6	9	3	5	2	5	1	8	4	5	10	9	3	40	5	4	45	6	7	2	6	25	14	10	3	7	2	36	4	1	4	14	23	5	15
2016255	789	451	3	1	2	7	4	5	1	10	4	6	3	6	2	9	4	1	11	10	4	41	6	5	46	7	8	5	1	26	15	11	4	1	3	37	1	2	5	15	24	6	10
2016256	308	628	4	1	2	8	1	1	6	11	8	7	4	7	3	10	1	2	6	11	5	42	7	6	2	8	9	1	2	27	16	12	5	1	4	38	2	3	6	16	8	7	16
2016257	609	976	5	2	1	9	2	2	6	7	1	9	5	8	4	11	2	3	1	12	6	9	8	7	1	9	10	2	3	7	17	13	6	2	5	39	3	4	6	17	1	8	22
2016258	064	266	6	3	2	10	3	3	6	1	2	1	6	9	2	12	3	4	2	13	7	1	9	8	2	10	11	3	6	1	18	14	7	3	6	40	4	5	6	18	2	9	14
2016259	843	328	7	4	2	3	4	4	1	2	8	2	7	10	1	3	4	5	3	14	8	2	10	9	2	11	12	4	1	2	19	15	8	4	7	41	5	6	1	19	8	10	13
2016260	268	061	0	1	1	1	5	5	6	3	1	3	0	11	2	1	5	6	4	15	9	3	11	10	1	12	13	5	6	3	20	16	9	1	8	42	6	7	2	20	1	11	7
2016261	617	049	0	1	2	2	4	6	1	4	2	9	0	12	3	2	6	7	5	16	10	4	12	11	2	13	4	6	1	4	21	17	10	1	9	43	7	8	3	21	2	9	13
2016262	244	659	1	2	3	3	1	5	6	5	3	9	1	13	4	3	7	8	6	17	11	5	13	12	3	14	1	5	2	5	22	18	11	2	10	44	8	9	4	22	3	9	20
2016263	591	489	2	3	4	4	4	1	1	6	8	9	2	14	5	4	4	9	1	18	12	6	14	13	4	15	2	1	3	6	8	19	12	3	11	45	9	10	5	23	4	9	21
2016264	069	898	3	4	5	5	1	2	2	7	8	9	3	15	6	5	1	10	2	19	8	7	15	14	5	16	3	2	4	7	1	9	13	4	12	46	10	11	6	24	8	1	25
2016265	548	525	4	5	2	6	2	5	3	8	1	1	4	16	7	6	2	5	3	20	1	8	16	15	2	17	4	3	5	8	2	1	14	5	13	47	11	5	7	25	1	2	12
2016266	144	914	5	1	1	7	4	1	4	9	2	9	5	17	8	7	3	1	4	21	2	9	17	1	1	18	5	4	6	9	3	2	15	6	14	48	4	1	8	26	2	3	14
2016267	791	989	6	1	2	8	1	2	5	10	8	9	6	18	9	8	4	2	5	22	3	9	18	1	2	19	6	5	7	10	8	3	16	7	15	49	1	2	9	27	3	9	26
2016268	644	105	0	1	3	9	2	5	6	11	1	1	7	1	10	9	5	3	6	23	4	1	0	2	3	20	7	6	8	11	1	4	17	8	16	50	2	5	10	28	4	1	6
2016269	658	860	0	1	4	10	3	1	6	12	8	2	8	1	11	10	6	4	7	24	8	2	1	3	4	21	8	7	6	12	2	5	0	9	17	51	3	1	11	29	5	2	14
2016270	339	411	1	1	5	11	4	2	1	13	1	3	9	2	12	11	4	5	8	25	1	3	2	1	5	22	9	8	1	13	3	6	1	1	18	52	4	2	12	30	6	3	6
2016271	964	443	2	1	6	3	4	3	2	14	2	4	10	3	13	12	4	6	9	26	2	4	3	1	6	23	4	9	2	14	4	7	2	1	19	3	5	3	13	31	7	4	11
2016272	921	373	3	2	7	3	1	4	3	7	3	5	11	4	14	3	1	7	10	27	3	5	4	2	7	24	1	10	3	7	5	8	3	2	20	3	6	4	14	32	8	5	13
2016273	404	565	4	3	8	1	2	5	6	1	4	6	12	5	15	1	2	5	11	28	4	6	5	3	8	25	2	11	6	1	6	9	4	3	21	1	7	5	15	33	9	6	16
2016274	387	883	5	4	9	3	3	1	1	2	8	7	13	6	16	2	3	1	12	29	8	7	6	4	9	26	3	12	1	2	8	10	5	4	22	3	8	1	16	34	10	7	19
2016275	610	874	6	5	10	1	4	2	2	7	8	8	14	7	17	3	4	2	13	30	8	8	7	5	10	27	4	13	2	7	1	11	6	5	23	1	4	2	17	35	11	8	19
2016276	477	277	7	6	2	2	1	3	3	7	1	9	15	8	2	4	5	3	14	31	1	9	8	6	11	28	5	14	3	7	2	12	7	6	24	2	1	3	18	7	12	9	16
2016277	339	085	0	7	1	3	2	5	4	1	8	10	0	9	1	5	6	4	15	32	2	10	9	7	12	29	6	15	4	1	8	13	8	7	25	3	2	5	19	1	13	10	13
2016278	494	435	1	8	2	3	4	5	5	2	1	11	1	10	2	6	4	5	16	33	3	11	10	8	13	3	7	16	5	2	1	14	9	8	26	4	3	5	20	2	14	11	12
2016279	808	624	2	9	2	1	4	1	6	3	2	12	2	11	3	7	1	6	6	34	4	12	11	9	2	1	8	17	6	3	2	15	10	9	27	5	4	1	21	3	15	12	12
2016280	997	378	3	10	1	3	1	2	1	7	8	13	3	12	4	3	2	7	1	35	5	13	12	10	1	2	9	18	7	7	3	16	11	10	28	6	1	2	22	4	8	13	18
2016281	787	998	4	11	2	1	2	3	2	1	8	9	4	13	5	1	3	8	2	36	6	9	13	11	2	3	10	19	8	1	4	9	12	11	29	7	2	3	23	5	8	14	26
2016282	316	626	5	12	2	2	3	4	6	2	1	1	5	14	6	2	4	9	6	37	7	1	14	12	2	4	11	20	9	2	5	1	13	12	30	8	3	4	6	6	1	15	14
2016283	141	740	0	13	1	3	4	5	1	7	2	2	6	15	7	3	5	10	1	7	8	2	15	13	1	5	4	21	10	3	6	2	0	13	31	9	4	5	1	7	2	16	11
2016284	790	143	1	1	2	3	4	6	2	1	3	3	7	1	8	4	6	11	2	1	9	3	16	14	2	6	4	22	11	4	7	3	1	14	32	3	5	6	2	8	3	17	8
2016285	398	848	2	1	3	1	4	7	3	2	8	4	8	1	9	5	7	12	3	2	8	4	17	15	3	7	4	23	12	5	8	4	2	15	33	1	6	7	3	9	8	18	20
2016286	421	907	0	2	4	2	1	8	4	7	1	9	9	2	10	6	8	13	4	3	1	9	0	16	4	8	1	24	13	6	9	5	3	16	34	2	7	8	4	7	1	19	16
2016287	773	621	1	1	2	3	2	9	6	1	2	1	10	3	11	7	9	14	6	4	2	1	1	17	2	9	2	25	14	7	10	6	4	1	35	3	8	9	5	1	2	20	9
2016288	091	010	0	1	1	4	3	10	1	2	3	2	0	4	12	8	10	15	1	5	3	2	2	1	1	10	3	26	15	8	11	7	0	1	36	4	9	10	6	2	3	21	1
2016289	825	359	1	1	2	3	4	5	2	3	4	9	1	5	13	3	11	16	2	6	4	3	3	1	2	11	4	5	16	9	12	8	1	2	37	5	10	11	7	3	4	9	17
2016290	936	430	0	2	3	3	4	1	3	4	5	1	2	6	14	1	4	17	3	7	5	4	4	2	3	3	5	1	17	10	13	9	0	3	38	6	11	12	8	4	5	1	7
2016291	372	137	1	1	4	3	1	2	4	7	6	2	3	1	15	2	1	18	4	8	6	5	5	3	4	3	6	2	18	11	14	10	1	4	39	7	12	13	9	7	6	2	11
2016292	291	507	0	1	5	1	2	5	5	7	7	3	4	1	16	3	2	5	5	9	7	6	0	4	5	1	7	3	19	12	15	11	2	5	40	8	13	14	10	7	7	3	12
2016293	185	326	1	2	2	3	3	1	6	1	8	4	5	2	17	3	3	1	6	10	8	7	1	5	2	2	8	4	20	13	16	12	3	6	41	9	14	15	6	1	8	4	11
2016294	645	334	2	3	1	3	4	2	1	2	9	5	6	3	18	3	4	2	7	11	9	8	2	6	1	3	9	5	21	14	17	13	4	7	42	10	4	16	1	2	9	5	10
2016295	844	789	3	4	2	1	1	3	2	7	8	9	7	4	19	1	5	3	8	7	10	9	3	7	2	1	10	6	22	15	8	14	5	8	43	11	1	17	2	3	10	9	24
2016296	095	784	4	5	3	2	4	4	3	7	8	1	8	5	20	2	6	4	9	7	11	10	4	8	3	2	11	7	23	16	8	15	6	9	44	12	4	18	3	4	11	1	19
2016297	089	160	0	1	4	3	1	5	6	1	1	2	9	1	21	3	7	5	10	1	12	11	5	9	4	3	12	8	6	17	1	16	0	10	45	13	1	19	4	5	12	2	7
2016298	517	651	1	1	5	4	2	5	6	2	2	3	10	1	22	4	8	6	6	2	13	12	6	10	5	4	13	5	1	18	2	17	1	1	46	14	2	20	5	6	13	3	12
2016299	018	045	0	1	6	5	4	5	1	3	3	4	0	2	23	5	9	7	1	3	14	13	7	11	6	5	4	1	2	19	3	18	2	1	47	15	3	5	6	7	14	4	9
2016300	589	805	0	2	7	6	1	5	2	4	8	5	1	3	24	6	10	8	2	4	8	14	0	12	7	6	1	2	3	20	4	19	3	2	48	16	4	5	7	8	15	5	13
2016301	632	572	1	3	2	7	2	5	3	7	1	6	2	4	25	7	11	5	3	5	1	15	1	13	8	7	2	3	4	7	5	20	4	3	2	17	5	1	8	9	16	6	14
2016302	389	656	2	4	1	8	3	5	6	1	2	7	3	5	26	8	12	1	6	6	2	16	2	14	9	8	3	5	5	1	6	21	5	4	1	18	6	2	6	10	17	7	17
2016303	961	801	0	1	2	9	4	1	1	2	8	8	4	6	27	9	13	2	1	7	8	17	0	15	10	9	4	1	6	2	7	22	6	1	2	19	7	3	1	11	18	8	9
2016304	634	856	1	1	3	10	5	5	6	3	8	9	5	7	28	10	14	3	2	8	8	18	1	16	11	10	5	5	7	3	8	23	7	1	3	20	8	4	6	12	19	9	19
2016305	115	744	2	2	4	11	4	1	1	7	1	10	6	8	29	11	15	4	3	7	1	19	2	17	12	11	4	1	8	4	9	24	8	2	4	21	4	5	1	13	20	10	15
2016306	162	073	0	3	5	3	1	2	2	7	2	11	0	9	30	12	16	5	4	1	2	20	3	18	13	12	1	2	9	7	10	25	9	3	5	3	1	6	2	14	21	11	10
2016307	066	997	1	4	6	1	2	3	3	7	3	9	1	10	31	13	17	6	5	2	3	9	4	19	14	13	2	3	10	1	11	9	10	4	6	1	2	7	3	7	22	12	25
2016308	995	743	2	5	7	3	4	4	4	7	4	1	2	11	32	14	18	7	6	7	4	1	5	20	15	14	4	4	11	2	12	1	11	5	7	3	3	8	4	1	23	13	14
2016309	231	830	0	6	8	3	1	5	5	1	8	2	3	12	33	15	19	8	7	1	8	2	6	21	16	3	1	5	12	3	13	2	0	6	8	1	4	9	5	2	24	14	11
2016310	814	045	0	7	9	1	4	5	6	2	1	3	0	13	34	16	20	9	8	2	1	3	7	22	17	1	4	6	13	4	14	3	1	7	9	2	5	5	6	3	25	15	9
2016311	225	398	1	8	10	3	1	1	7	3	8	9	1	14	35	3	21	10	9	3	2	4	8	23	18	2	1	7	14	5	15	9	2	8	10	3	6	1	7	4	8	16	20
2016312	459	113	2	1	11	3	2	2	8	4	1	1	2	1	36	1	22	11	10	4	3	5	9	1	19	3	2	8	15	6	16	1	3	9	11	3	7	2	8	5	1	17	5
2016313	648	373	3	1	12	3	3	3	9	7	2	2	3	1	37	3	23	12	11	5	4	6	10	1	20	4	3	9	16	7	17	2	4	10	12	3	8	3	9	6	2	18	13
2016314	968	157	4	1	13	1	4	5	10	7	3	3	4	1	38	1	24	13	12	6	5	7	11	2	21	5	4	5	17	1	18	3	5	11	13	1	9	4	10	7	3	19	13
2016315	705	888	5	1	14	2	5	1	11	1	8	4	5	1	39	2	25	14	13	7	8	8	12	3	22	6	5	1	18	2	8	4	6	12	14	2	10	5	11	1	8	20	24
2016316	943	774	6	2	15	3	4	2	12	7	1	5	6	2	40	3	26	15	14	7	1	9	13	4	23	7	6	2	19	7	1	5	7	13	15	3	4	6	12	2	1	21	18
2016317	124	243	7	3	2	3	4	3	13	1	2	6	7	3	2	4	27	16	15	1	2	10	14	5	24	8	4	3	20	1	2	6	8	14	16	3	1	7	13	3	2	22	9
2016318	291	470	0	4	1	1	4	4	14	7	3	7	8	4	1	5	4	17	16	2	3	11	15	6	25	9	1	4	21	7	3	7	0	15	17	1	2	8	14	4	3	23	11
2016319	563	557	1	5	2	2	1	5	15	7	4	8	9	5	2	6	1	5	17	3	4	12	16	7	26	10	2	5	22	1	4	8	1	16	18	2	3	9	15	7	4	24	17
2016320	429	529	2	6	2	3	2	5	16	1	5	9	10	6	3	7	2	5	18	4	5	13	17	8	2	11	3	1	23	2	5	9	2	17	19	3	4	10	16	1	5	9	16
2016321	923	832	3	7	2	3	3	1	17	2	8	1	11	7	4	8	3	1	19	5	8	14	18	9	1	3	4	2	24	3	6	10	3	18	2	4	5	11	17	2	6	1	13
2016322	955	153	4	1	1	3	4	5	18	3	1	2	12	1	5	9	4	2	20	6	1	15	19	10	2	1	5	5	25	4	7	11	4	19	1	3	6	12	18	3	7	2	9
2016323	133	877	5	1	2	1	5	1	19	7	8	3	13	1	6	10	5	3	21	7	8	16	20	11	3	2	6	1	26	7	8	12	5	20	2	1	7	13	19	7	8	3	22
2016324	760	663	6	2	3	3	6	2	6	1	1	4	14	2	7	11	6	4	6	8	1	17	21	12	4	3	7	2	6	1	9	13	6	21	3	3	8	14	20	1	9	4	15
2016325	823	961	7	1	4	1	7	3	6	2	2	9	15	3	8	12	7	5	1	9	2	9	22	13	5	4	8	3	6	2	10	14	7	1	4	1	9	15	21	2	10	5	16
2016326	041	690	0	1	5	2	8	4	6	3	3	9	16	4	9	13	8	6	6	10	3	1	23	14	6	5	9	4	1	3	11	9	0	1	5	2	10	16	22	3	11	6	15
2016327	347	831	1	1	6	3	9	5	1	4	8	1	17	5	10	14	9	7	1	11	8	2	24	15	7	3	10	5	2	4	12	1	1	1	6	3	11	17	23	4	12	7	12
2016328	395	709	0	1	7	1	10	6	2	7	1	9	18	6	11	15	10	8	2	7	1	3	0	16	8	1	11	6	3	5	13	2	2	1	7	4	12	18	24	5	13	9	16
2016329	834	244	1	2	2	2	4	7	3	1	2	1	19	7	2	16	11	9	3	1	2	4	1	17	9	2	4	7	4	6	14	3	3	2	8	5	4	19	25	6	14	1	10
2016330	539	318	2	1	1	3	1	8	4	2	8	2	20	8	1	3	12	10	4	2	3	5	2	1	10	3	1	8	5	7	15	4	4	3	9	6	1	20	26	7	8	2	12
2016331	427	983	3	1	2	3	2	9	5	3	8	9	21	9	2	1	13	11	5	3	4	9	3	1	11	4	2	9	6	8	8	5	5	4	10	3	2	21	27	8	1	3	20
2016332	827	776	4	2	3	1	3	10	6	7	1	1	22	10	3	2	14	12	6	7	5	1	4	2	12	5	3	10	7	7	1	6	6	5	11	1	3	22	6	9	2	4	20
2016333	410	054	0	3	4	2	4	5	1	1	2	2	0	11	4	3	15	13	7	1	6	2	5	3	13	6	4	5	8	1	2	7	7	6	12	2	4	23	1	10	3	5	9
2016334	531	189	1	1	5	3	1	1	2	2	8	9	1	1	5	4	16	14	8	2	7	3	6	4	14	7	5	1	9	2	8	8	8	7	13	3	1	24	2	11	4	9	18
2016335	879	550	0	1	6	4	2	5	3	3	1	1	2	1	6	5	17	5	9	3	8	4	7	5	15	8	6	5	10	3	1	9	0	8	14	4	2	25	3	12	5	1	10
2016336	808	097	0	2	7	5	3	1	4	7	2	9	0	2	7	6	18	1	10	4	9	5	8	6	16	9	7	1	11	4	2	9	1	9	15	5	3	26	4	7	6	2	16
2016337	499	299	1	3	2	6	4	2	5	1	3	9	1	3	2	7	19	2	11	5	10	6	9	7	17	10	8	2	12	5	3	9	2	10	16	6	4	27	5	1	7	9	20
2016338	190	301	0	1	1	3	5	3	6	2	4	1	2	4	1	3	20	3	12	6	11	7	0	8	18	11	9	3	13	6	4	1	3	1	17	7	5	28	6	2	8	1	4
2016339	656	262	1	1	2	1	6	4	6	3	5	2	3	5	2	1	21	4	13	7	12	8	1	9	19	12	10	4	6	7	5	2	4	1	2	8	6	29	7	3	9	2	10
2016340	412	493	2	2	1	3	4	5	1	4	6	9	4	6	1	2	4	5	14	8	13	9	2	10	20	13	11	5	1	8	6	9	5	2	1	3	7	30	8	4	10	3	16
2016341	844	151	3	1	2	1	1	5	2	5	7	1	5	1	2	3	1	6	15	9	14	10	3	11	21	14	12	5	2	9	7	1	6	1	2	1	8	31	9	5	11	4	7
2016342	976	448	4	1	3	2	4	1	3	6	8	2	6	1	3	4	4	7	16	10	15	11	4	12	22	15	4	1	3	10	8	2	7	1	3	2	9	32	10	6	8	5	16
2016343	913	225	5	2	2	3	1	5	4	7	1	3	7	2	2	5	1	8	17	11	16	12	5	13	2	16	1	2	4	11	9	3	8	2	4	3	10	5	11	7	1	6	9
2016344	925	367	6	3	1	3	2	1	6	7	2	4	8	3	1	3	2	9	18	12	17	13	6	14	1	17	2	3	6	12	10	4	9	3	5	4	11	1	12	7	2	7	16
2016345	617	559	7	4	2	1	3	5	1	1	3	9	9	4	2	1	3	5	19	13	18	14	7	15	2	18	3	5	1	13	11	5	10	4	6	5	12	2	13	1	3	9	19
2016346	686	029	0	5	2	2	4	1	2	2	4	9	0	5	3	2	4	1	20	14	19	15	8	16	2	19	4	1	2	14	12	6	11	5	7	6	13	3	14	2	4	9	11
2016347	022	806	0	6	1	3	5	2	6	3	8	1	1	6	4	3	5	2	21	15	8	16	0	17	1	20	5	2	3	15	13	7	12	6	8	7	14	4	6	3	5	1	14
2016348	357	289	1	7	2	4	6	3	1	4	8	9	2	7	2	4	6	3	22	16	1	17	1	18	2	21	6	3	4	16	8	8	13	7	9	8	15	5	1	4	6	9	19
2016349	828	049	0	8	1	5	4	4	2	5	1	9	0	8	1	5	7	4	23	17	2	18	2	19	3	22	4	4	5	17	1	9	14	8	10	9	16	6	2	5	7	9	13
2016350	123	383	1	9	2	3	1	5	3	6	8	1	1	9	2	3	8	5	24	18	3	19	3	20	4	23	1	5	6	18	8	10	15	9	11	3	17	7	3	6	8	1	14
2016351	089	818	2	1	3	1	2	6	4	7	8	2	2	10	3	1	9	6	25	19	8	20	4	1	5	24	2	6	7	19	1	11	16	10	12	1	18	8	4	7	8	2	17
2016352	998	016	0	1	4	2	3	7	6	8	1	3	0	11	4	2	10	7	26	20	1	21	5	1	6	25	3	7	8	20	2	12	17	11	13	2	19	9	6	8	1	3	7
2016353	828	084	0	1	5	3	4	8	1	9	8	4	0	12	5	3	11	8	27	21	2	22	6	1	7	26	4	8	9	21	8	13	18	12	14	3	4	10	1	9	2	4	12
2016354	906	428	1	2	2	4	4	9	2	10	8	5	1	13	6	4	4	9	28	22	3	23	7	2	2	27	5	9	10	22	1	14	19	13	15	4	1	11	2	10	8	5	14
2016355	851	942	2	3	2	5	4	10	3	11	1	9	2	14	7	5	1	10	29	23	4	9	8	3	1	28	4	10	11	23	2	15	20	14	2	5	2	12	3	11	1	6	15
2016356	272	125	3	1	2	6	1	5	4	12	2	1	3	1	8	6	2	11	30	24	5	1	9	4	2	29	1	11	12	24	3	16	21	15	1	6	3	5	4	12	2	7	8
2016357	983	415	4	1	1	7	4	5	5	13	3	2	4	1	9	7	4	12	31	25	6	2	10	1	1	30	2	12	13	25	4	17	22	16	2	7	4	5	5	13	3	8	10
2016358	430	110	0	1	2	8	1	1	6	14	4	3	5	1	10	8	1	13	32	26	7	3	11	1	2	31	3	13	14	26	5	18	0	17	3	8	5	1	6	14	4	9	2
2016359	729	883	1	1	3	3	2	2	7	15	8	4	6	1	11	9	2	14	33	27	8	4	12