2017001	956	369	18	8	6		1	1	3	3	2	2	6	15	5	9		6	1	11	3	2	14	33	27	8	4		12	1	3	32	4	14	6	27	6	19		1	18	4	9	6	2	7	15	5	9		6	1	2:01	2:01	3:00:00
2017002	979	779	23	3	2		2	2	4	1	3	3	1	7	6	9		7	2	12	1	3	15	34	7	9	5		13	2	4	33	5	15	1	7	7	20		2	19	5	10	7	3	8	16	6	9		1	3	3:00	3:00	1:02:00
2017003	320	650	11	1	6		0	3	5	2	4	5	6	1	7	1		8	3	13	2	4	16	6	1	10	6		14	3	5	34	6	5	2	1	8	21		0	20	6	11	8	4	9	17	7	1		6	1	1:02	2:01	2:00:01
2017004	546	317	11	1	6		1	1	6	3	5	1	1	7	8	2		9	4	14	3	5	17	1	2	11	7		15	1	6	35	7	1	3	2	9	22		1	21	7	12	9	5	10	7	8	2		6	2	3:00	1:02	1:02:00
2017005	249	246	12	2	4		2	1	2	1	4	2	6	1	9	3		10	5	2	1	6	18	2	3	12	8		16	1	7	36	4	2	4	3	10	23		2	22	8	13	10	6	6	1	9	3		6	3	0:03	1:02	1:01:01
																																																							
2017006	465	888	24	4	0		3	2	1	2	1	3	1	2	8	4		11	6	1	2	7	19	3	4	8	9		17	2	8	37	1	3	5	4	8	24		3	23	9	14	11	7	1	2	8	4		1	3	0:03	3:00	0:00:03
2017007	888	783	18	8	5		4	3	2	3	2	4	2	7	8	5		12	7	2	3	8	20	4	7	1	10		18	3	9	38	2	4	6	5	8	25		4	24	10	3	12	8	2	3	1	5		6	5	2:01	2:01	1:01:01
2017008	702	169	16	6	8		5	1	3	1	3	5	6	1	1	9		13	1	3	4	9	21	5	1	2	11		19	4	10	39	3	5	6	6	1	26		5	25	11	1	13	9	3	4	2	9		6	6	2:01	2:01	2:01:00
2017009	754	202	4	4	2		0	1	2	2	4	6	1	2	2	1		14	1	2	5	10	22	6	2	3	12		0	5	11	40	4	6	1	7	2	27		6	26	2	2	14	10	4	5	3	1		1	3	0:03	0:03	1:00:02
2017010	332	976	22	2	3		1	2	1	3	5	7	6	7	3	9		15	2	1	6	11	23	7	3	4	9		1	6	12	41	5	7	2	7	3	28		7	27	1	3	15	11	6	6	4	2		6	1	2:01	3:00	2:01:00
																																																							
2017011	534	909	18	8	9		0	3	2	4	6	8	1	1	4	9		16	3	2	7	12	24	8	4	5	9		0	7	13	42	6	8	3	1	4	29		8	28	2	4	16	12	1	7	5	9		1	3	2:01	2:01	3:00:00
2017012	775	125	8	8	4		1	1	2	5	7	5	2	2	5	1		17	1	3	8	13	25	9	5	6	1		1	8	2	43	7	9	4	2	5	30		9	29	3	5	17	5	2	8	6	1		6	1	2:01	1:02	0:01:02
2017013	991	582	15	5	6		2	1	2	6	8	5	3	3	8	2		18	1	4	9	14	5	10	6	7	2		2	9	1	44	8	10	5	3	8	31		10	30	2	6	18	1	3	9	7	2		6	2	1:02	2:01	0:00:03
2017014	898	221	5	5	1		3	1	2	7	9	1	4	4	1	3		19	2	2	10	15	1	11	7	8	3		3	10	2	45	9	11	6	4	1	32		11	1	1	7	19	2	4	10	8	3		1	3	1:02	0:03	0:01:02
2017015	460	950	14	4	9		0	1	1	8	10	5	5	5	2	9		20	3	1	11	16	2	12	8	9	9		4	11	1	46	10	5	7	5	2	33		0	1	2	8	20	3	5	11	9	4		6	1	2:01	2:01	2:00:01
																																																							
2017016	832	469	19	9	5		1	2	2	9	4	1	6	6	3	9		21	4	2	12	4	3	13	9	10	1		5	12	2	47	11	1	6	6	3	34		1	2	3	9	21	4	6	12	10	9		6	2	1:02	2:01	2:01:00
2017017	923	817	16	6	7		2	1	3	10	1	2	1	7	8	1		22	5	3	13	1	4	14	10	8	2		6	1	3	48	12	2	1	7	4	35		2	3	4	10	22	5	7	7	11	1		6	3	2:01	2:01	0:02:01
2017018	400	315	9	9	4		3	1	4	3	2	5	2	1	1	2		23	6	4	3	2	5	15	11	1	3		7	1	4	49	13	3	2	8	5	36		3	4	5	11	23	5	8	1	12	2		6	4	3:00	1:02	1:01:01
2017019	772	606	12	2	6		0	1	5	1	3	1	6	2	2	3		24	7	5	1	3	6	6	12	2	4		0	1	5	50	14	4	3	9	6	37		4	5	6	12	24	1	6	2	13	3		1	3	0:03	2:01	3:00:00
2017020	257	893	20	0	6		1	2	6	3	4	2	1	3	8	9		25	8	6	2	4	7	1	13	8	5		1	2	6	51	15	5	4	10	7	9		5	6	7	3	25	2	1	3	14	4		6	1	2:01	2:01	2:00:01
																																																							
2017021	616	854	17	7	4		2	3	7	1	4	5	2	4	8	1		26	9	7	3	5	8	2	14	8	6		2	3	7	52	16	5	5	11	8	1		6	7	8	1	4	3	2	4	15	5		6	2	1:02	2:01	0:01:02
2017022	862	28	10	0	8		0	4	2	2	1	1	3	5	8	2		0	10	8	4	6	9	3	15	1	7		3	4	2	53	17	1	6	12	9	2		7	8	9	2	1	4	3	5	8	6		6	3	0:03	1:02	1:00:02
2017023	111	250	7	7	5		0	5	2	3	2	5	4	6	1	3		1	11	2	5	7	10	4	16	2	8		4	5	1	54	18	5	7	13	10	3		0	9	10	3	2	5	4	6	1	7		6	4	1:02	1:02	1:00:02
2017024	472	709	16	6	9		0	6	1	4	3	1	5	7	2	9		2	12	1	6	8	11	5	7	3	9		0	6	2	55	19	1	8	14	11	4		1	10	11	4	3	6	5	7	2	9		6	5	2:01	2:01	2:01:00
2017025	481	359	17	7	6		1	7	2	3	4	5	6	1	3	9		3	13	2	3	9	12	6	1	4	10		1	7	3	56	20	5	9	15	12	5		2	11	12	5	4	7	6	8	3	9		6	6	3:00	2:01	2:00:01
																																																							
2017026	978	259	16	6	7		2	8	2	1	5	5	7	2	4	9		4	14	2	1	10	13	7	2	5	11		2	8	4	57	21	5	10	16	13	6		3	12	13	6	5	8	7	9	4	9		6	7	2:01	2:01	1:00:02
2017027	150	873	18	8	5		3	9	1	3	6	1	8	7	8	1		5	15	1	2	11	14	8	3	8	12		3	9	5	58	22	1	11	7	14	7		4	13	14	3	6	9	8	10	5	1		6	8	2:01	2:01	1:01:01
2017028	579	193	13	3	8		4	1	2	3	7	2	9	1	1	9		6	1	2	3	12	15	9	4	1	13		4	10	6	59	23	2	12	1	15	9		5	14	15	3	7	10	9	11	6	2		6	9	3:00	1:02	2:01:00
2017029	145	272	11	1	5		5	1	2	1	8	3	10	7	2	1		7	1	2	4	13	16	10	5	2	14		5	11	7	60	24	3	13	7	16	1		6	15	2	1	8	11	10	12	7	3		1	3	1:02	1:02	0:01:02
2017030	541	107	8	8	7		0	1	1	2	9	4	11	7	3	2		8	1	1	5	14	17	11	6	3	15		0	12	8	61	25	4	14	1	17	2		7	16	1	2	9	12	11	7	8	4		6	1	2:01	1:02	1:02:00
																																																							
2017031	579	376	16	6	4		1	1	2	3	10	5	6	7	4	3		9	1	2	3	15	18	12	7	4	16		1	13	9	62	26	5	15	7	18	3		8	17	2	3	10	13	6	1	9	5		6	2	2:01	2:01	2:01:00
2017032	394	237	12	2	5		2	2	2	3	11	6	1	7	5	4		10	2	2	1	16	19	13	8	5	17		2	14	10	3	27	6	16	1	19	4		9	18	3	4	11	14	1	7	10	6		6	3	2:01	1:02	1:01:01
2017033	505	114	6	6	3		3	1	1	1	4	7	2	1	6	5		11	1	1	2	17	20	14	9	6	18		3	1	11	1	28	7	17	2	20	5		10	19	4	5	4	15	2	1	11	7		1	3	2:01	0:03	0:03:00
2017034	563	348	15	5	5		4	1	2	3	4	8	3	2	8	6		12	1	2	3	18	21	15	10	7	19		4	1	12	2	4	8	18	3	21	6		11	20	5	6	1	16	3	2	8	8		6	1	1:02	1:02	1:01:01
2017035	192	624	12	2	4		5	2	2	1	4	9	6	3	1	7		13	2	3	1	19	22	6	11	8	20		5	2	2	3	1	9	19	4	22	7		12	21	6	7	4	17	4	3	1	9		6	2	0:03	1:02	1:01:01
																																																							
2017036	647	650	11	1	6		0	3	1	2	1	5	6	4	2	8		14	3	4	2	20	23	6	12	9	21		6	3	1	4	2	5	20	5	23	8		0	22	7	8	1	18	5	4	2	10		6	3	1:02	2:01	2:00:01
2017037	586	897	24	4	2		1	4	2	3	2	1	1	7	8	9		15	4	5	3	21	24	1	13	8	22		7	4	2	5	3	1	21	6	24	9		1	23	8	9	2	19	6	7	3	11		6	4	2:01	3:00	1:01:01
2017038	589	134	8	8	3		2	1	3	3	4	2	2	1	1	1		16	1	6	4	22	25	2	14	1	23		8	5	3	3	4	2	22	7	25	1		2	24	9	10	4	20	7	1	4	12		6	5	2:01	0:03	1:02:00
2017039	997	395	17	7	6		3	1	4	3	1	5	3	2	2	9		17	1	7	3	23	26	3	15	2	24		9	6	4	1	5	3	23	8	26	9		3	25	10	11	1	5	8	2	5	13		6	6	3:00	2:01	2:00:01
2017040	408	899	26	6	1		4	2	5	1	2	1	4	3	8	9		18	2	8	1	24	27	4	16	8	25		10	7	5	2	6	4	24	9	27	9		4	26	11	12	2	1	9	3	6	9		1	3	2:01	3:00	2:00:01
																																																							
2017041	631	480	12	2	8		0	3	6	2	4	2	5	4	8	1		19	3	9	2	4	28	5	17	1	26		11	8	6	3	7	5	25	10	8	1		0	27	12	13	3	2	10	4	7	1		6	1	0:03	1:02	1:01:01
2017042	961	0	0	0	0		0	4	7	3	1	3	6	5	1	2		0	4	10	3	1	29	6	18	2	27		0	9	7	4	8	6	26	11	1	2		0	28	13	14	4	3	11	5	8	2		1	3	0:03	0:03	3:00:00
2017043	835	50	5	5	5		0	5	8	4	2	5	7	6	2	3		0	5	11	4	2	30	7	19	3	28		1	10	8	5	9	5	27	12	2	3		0	29	14	15	5	4	12	6	9	3		2	3	1:02	1:02	2:00:01
2017044	805	861	15	5	7		1	1	9	5	3	1	6	7	8	4		1	6	12	5	3	31	8	20	8	29		2	11	9	6	10	1	6	13	3	4		1	1	15	16	6	5	13	7	10	4		6	1	1:02	2:01	1:01:01
2017045	792	679	22	2	3		2	1	10	6	4	2	6	7	1	9		2	7	13	6	4	32	6	21	1	30		3	12	10	7	11	2	1	7	4	5		2	1	16	17	7	6	14	8	11	9		6	2	2:01	3:00	2:01:00
																																																							
2017046	714	570	12	2	7		0	2	11	7	5	5	1	7	2	1		3	8	14	7	5	5	1	22	2	31		4	13	11	8	12	3	2	7	5	6		0	2	17	18	8	7	15	9	12	1		6	3	2:01	2:01	1:01:01
2017047	192	945	18	8	5		1	3	12	8	4	5	2	1	3	9		4	9	15	8	6	1	2	23	3	9		5	14	12	9	4	4	3	1	6	7		1	3	18	19	9	5	16	10	13	2		6	4	2:01	2:01	1:01:01
2017048	45	557	17	7	2		2	4	13	9	1	5	3	7	4	1		5	10	16	9	7	5	3	24	4	1		6	15	13	10	1	5	4	2	7	8		2	4	19	20	10	1	17	7	14	3		1	3	3:00	3:00	0:01:02
2017049	649	36	9	9	6		0	5	14	3	2	1	6	1	5	2		0	11	17	10	8	1	4	25	5	2		7	16	14	3	2	1	5	3	8	9		3	5	20	21	11	2	6	1	15	4		6	1	1:02	1:02	3:00:00
2017050	966	278	17	7	6		1	6	2	1	3	2	1	7	8	3		1	12	2	11	9	2	5	26	6	3		8	17	15	1	3	2	6	7	9	10		4	6	21	22	12	3	1	2	8	5		6	2	1:02	2:01	0:01:02
																																																							
2017051	828	702	9	9	7		0	7	2	2	4	3	2	7	1	4		2	13	1	12	10	3	6	7	7	4		0	18	16	2	4	3	7	1	10	11		5	7	2	23	13	4	2	3	1	6		6	3	1:02	1:02	1:01:01
2017052	889	731	11	1	6		1	1	1	3	5	4	3	7	2	5		3	14	2	13	11	4	7	7	8	5		1	19	17	3	5	4	8	2	11	12		6	1	1	24	14	5	3	4	2	7		6	4	3:00	1:02	1:02:00
2017053	747	652	13	3	4		2	1	2	1	6	5	6	1	3	6		4	15	3	14	12	5	6	1	9	6		2	20	18	1	6	5	9	3	12	13		7	1	2	25	15	6	4	5	3	8		6	5	1:02	2:01	1:00:02
2017054	69	754	16	6	3		3	2	1	2	4	5	1	7	4	7		5	16	4	15	13	6	1	7	10	7		3	21	19	2	7	5	10	4	13	14		8	2	1	26	4	7	5	6	4	9		6	6	2:01	2:01	0:02:01
2017055	552	276	15	5	5		4	3	2	3	1	1	6	7	5	8		6	17	2	16	14	7	2	1	11	8		4	22	20	3	8	1	11	7	14	15		9	3	2	27	1	8	6	7	5	10		6	7	1:02	2:01	1:01:01
																																																							
2017056	297	102	3	3	2		0	1	2	4	2	2	1	1	6	9		7	1	1	17	15	8	3	2	12	9		0	23	21	4	9	2	12	1	15	16		10	4	2	28	2	9	1	8	6	11		6	8	1:02	0:03	1:01:01
2017057	207	242	8	8	2		1	1	2	5	4	3	2	2	7	10		8	1	2	18	16	9	4	3	13	10		1	24	22	5	4	3	13	2	16	17		11	5	2	29	3	10	2	9	7	12		1	3	0:03	0:03	0:01:02
2017058	56	262	10	0	4		2	2	2	6	1	4	6	3	8	11		9	2	2	19	17	10	5	4	14	11		2	25	23	6	1	4	6	3	17	18		12	6	2	30	4	11	3	10	8	13		2	3	0:03	1:02	1:00:02
2017059	362	143	8	8	3		3	1	1	3	4	5	1	4	9	12		10	1	1	20	18	11	6	5	15	12		3	26	24	7	4	5	1	4	18	19		13	7	1	3	5	12	4	11	9	14		6	1	2:01	0:03	1:02:00
2017060	873	868	22	2	2		4	1	2	1	1	6	6	5	8	13		11	1	2	21	19	12	7	6	8	13		4	27	25	8	1	6	6	5	19	20		14	8	2	1	6	13	5	12	8	15		1	3	0:03	3:00	1:00:02
																																																							
2017061	19	454	13	3	1		5	2	3	2	4	5	1	6	1	14		12	2	3	22	4	13	8	7	1	14		5	28	26	9	2	5	1	6	20	21		15	9	3	2	4	14	6	13	1	16		2	3	1:02	1:02	0:02:01
2017062	761	975	21	1	4		6	3	4	3	1	5	2	7	2	9		13	3	4	23	1	14	9	8	2	9		6	29	27	10	3	1	2	7	21	22		16	10	4	3	1	5	7	14	2	17		6	1	3:00	3:00	1:01:01
2017063	450	864	18	8	4		7	4	5	4	4	1	6	1	8	1		14	4	5	24	2	15	10	9	8	1		7	30	28	11	4	2	6	1	22	23		17	11	5	4	4	1	8	15	3	18		6	2	0:03	2:01	1:01:01
2017064	277	158	14	4	7		8	1	6	5	1	5	1	2	8	2		15	1	6	25	3	16	11	10	1	2		8	31	29	12	5	5	1	2	23	24		18	12	6	5	1	2	9	16	8	19		6	3	2:01	2:01	0:01:02
2017065	789	577	19	9	2		9	1	7	6	2	5	2	7	1	3		16	1	7	26	4	5	12	11	2	3		9	32	30	13	6	1	2	7	24	25		19	13	7	6	2	3	10	7	1	20		1	3	3:00	3:00	0:02:01
																																																							
2017066	159	322	7	7	1		10	2	2	3	3	1	3	1	2	4		17	2	8	3	5	1	13	12	3	4		10	33	2	14	7	2	3	1	25	26		20	14	2	7	3	4	11	1	2	21		2	3	1:02	0:03	1:00:02
2017067	766	644	14	4	2		11	3	1	1	4	2	6	2	3	5		18	3	9	1	6	2	6	13	4	5		11	34	1	15	4	3	4	2	26	27		21	15	1	8	4	5	12	2	3	22		3	3	0:03	1:02	1:02:00
2017068	685	910	10	0	9		0	1	2	2	1	3	1	3	4	9		19	4	10	2	7	3	1	14	5	9		12	1	2	16	1	4	5	3	27	28		0	16	2	9	1	6	13	3	4	23		6	1	2:01	1:02	2:01:00
2017069	610	518	14	4	7		1	1	3	3	2	5	2	4	8	1		20	5	11	3	8	5	2	15	6	1		13	1	3	17	2	5	6	4	28	29		1	17	3	10	2	7	14	4	8	24		6	2	2:01	2:01	0:01:02
2017070	806	231	6	6	2		2	1	2	3	3	1	3	5	1	2		21	6	2	4	9	1	3	16	7	2		14	1	4	3	3	6	7	5	29	30		2	1	4	11	3	8	15	5	1	25		6	3	2:01	0:03	1:01:01
																																																							
2017071	434	882	18	8	6		3	1	2	1	4	2	4	6	8	3		22	7	1	5	10	2	4	17	8	3		15	2	5	1	4	7	8	6	8	31		3	1	2	12	4	9	16	6	2	26		1	3	0:03	2:01	0:00:03
2017072	241	174	12	2	6		4	1	1	2	4	3	5	7	1	4		23	1	2	6	11	3	5	18	1	4		16	3	6	2	5	8	9	7	1	32		4	2	1	13	4	10	17	7	3	27		6	1	2:01	1:02	0:03:00
2017073	445	75	12	2	7		0	1	2	3	1	5	6	7	2	5		0	1	3	7	12	4	6	19	2	5		17	4	7	3	6	9	10	7	2	33		5	3	2	14	1	5	18	8	4	28		6	2	2:01	2:01	1:01:01
2017074	983	576	18	8	2		1	2	3	4	2	5	6	7	3	6		1	2	4	8	13	5	7	20	3	6		18	5	8	4	7	10	11	7	3	34		6	4	3	15	2	1	6	9	5	29		6	3	2:01	3:00	1:01:01
2017075	607	787	22	2	1		2	3	4	5	3	1	1	7	8	7		2	3	5	9	14	1	8	7	4	7		19	6	9	5	8	11	12	1	8	35		7	5	4	16	3	2	1	7	6	30		1	3	2:01	3:00	0:02:01
																																																							
2017076	631	74	11	1	7		0	4	5	6	4	2	2	7	1	8		0	4	6	10	15	2	9	1	5	8		20	7	10	6	9	12	13	7	1	36		8	6	5	17	4	3	2	1	7	31		6	1	1:02	1:02	1:02:00
2017077	73	20	2	2	2		0	5	2	7	1	3	3	1	2	9		0	5	7	11	16	3	10	2	6	9		21	8	2	7	10	13	14	1	2	37		0	7	6	18	1	4	3	2	8	32		1	3	0:03	0:03	2:00:01
2017078	676	449	17	7	5		1	6	1	8	4	4	4	2	3	9		1	6	8	12	4	4	11	3	7	10		22	9	1	8	4	14	15	2	3	38		1	8	7	19	2	5	4	3	9	9		2	3	1:02	1:02	1:02:00
2017079	294	487	19	9	4		2	7	2	9	4	5	5	7	8	1		2	7	9	13	4	5	12	4	8	11		23	10	2	9	1	15	16	3	8	39		2	9	8	20	3	6	5	7	10	1		6	1	1:02	2:01	0:02:01
2017080	759	735	15	5	4		3	8	3	3	1	5	6	7	1	2		3	8	10	14	1	6	13	7	9	12		24	11	3	3	2	16	17	4	1	40		3	10	9	21	4	5	6	1	11	2		6	2	3:00	2:01	1:01:01
																																																							
2017081	167	129	12	2	8		4	1	2	1	2	1	7	1	2	9		4	1	11	15	2	7	14	1	10	13		25	12	2	1	3	17	18	5	2	41		4	11	10	22	5	1	7	2	12	9		6	3	2:01	1:02	1:01:01
2017082	49	625	13	3	4		5	1	2	2	3	5	6	2	3	1		5	1	12	16	3	8	6	2	11	14		26	13	2	2	4	18	19	6	3	42		5	12	11	23	6	5	8	3	13	1		6	4	1:02	2:01	1:00:02
2017083	730	105	6	6	5		0	1	1	3	4	5	1	3	4	2		6	1	13	17	4	9	1	3	12	15		0	14	1	3	5	19	20	7	4	43		6	13	12	24	7	5	9	4	14	2		6	5	2:01	1:02	1:01:01
2017084	700	822	12	2	6		1	1	2	4	5	1	2	4	8	3		7	1	14	18	5	10	2	4	8	16		1	15	2	4	6	20	21	8	5	44		7	14	2	25	8	1	10	5	15	3		1	3	0:03	1:02	0:00:03
2017085	553	560	11	1	6		0	2	1	5	6	5	6	5	1	4		8	2	15	19	6	5	3	5	1	17		2	16	1	5	7	21	6	9	6	45		0	15	1	26	9	2	11	6	16	4		6	1	1:02	2:01	2:00:01
																																																							
2017086	934	697	22	2	3		1	3	2	6	7	1	6	7	2	9		9	3	16	20	7	1	6	6	2	18		3	17	2	6	8	22	1	10	7	9		1	16	2	27	10	3	12	7	17	5		6	2	2:01	3:00	2:01:00
2017087	486	377	17	7	4		2	4	3	3	8	2	1	7	3	1		10	4	17	3	8	2	1	7	3	19		4	18	3	7	9	23	2	7	8	1		2	17	3	28	11	4	13	7	18	6		1	3	3:00	2:01	1:02:00
2017088	810	366	15	5	3		3	5	4	3	9	3	6	1	4	2		11	5	18	3	9	3	2	8	4	20		5	19	4	8	10	24	6	1	9	2		3	18	4	29	12	5	6	1	19	7		2	3	1:02	2:01	3:00:00
2017089	742	518	14	4	7		4	1	5	1	10	5	1	2	8	3		12	6	19	1	10	5	3	9	5	21		6	1	5	9	11	25	1	2	10	3		4	19	5	30	13	6	1	2	8	8		6	1	2:01	2:01	0:01:02
2017090	526	390	12	2	9		0	1	6	3	11	1	2	3	1	9		13	7	20	3	11	1	4	10	6	22		7	1	6	10	12	26	2	3	11	9		0	20	6	31	14	7	2	3	1	9		6	2	2:01	1:02	3:00:00
																																																							
2017091	294	341	8	8	3		1	1	7	3	4	2	3	4	2	1		14	8	21	3	12	2	5	11	7	23		8	2	7	11	4	27	3	4	12	1		1	1	7	32	15	8	3	4	2	10		6	3	2:01	0:03	1:02:00
2017092	651	305	8	8	5		0	1	8	3	1	5	4	5	3	2		15	9	22	3	13	3	6	12	8	24		0	3	8	12	1	28	4	5	13	2		2	1	8	33	16	5	4	5	3	11		6	4	2:01	1:02	2:00:01
2017093	738	840	12	2	8		0	2	9	1	4	1	5	6	8	3		16	10	23	1	14	4	7	13	8	25		1	4	9	13	4	29	5	6	14	3		0	2	9	34	17	1	5	6	4	12		6	5	0:03	1:02	1:01:01
2017094	588	573	15	5	4		1	3	10	3	1	5	6	7	1	4		17	11	24	2	15	5	8	14	1	26		2	5	10	14	1	30	6	7	15	4		1	3	10	3	18	2	6	7	5	13		6	6	3:00	2:01	1:01:01
2017095	383	593	17	7	6		2	4	11	3	2	5	7	1	2	9		18	12	25	3	16	5	9	15	2	27		3	6	11	15	2	31	7	1	16	9		2	4	11	3	19	3	7	8	6	14		6	7	3:00	2:01	2:00:01
																																																							
2017096	204	470	11	1	7		0	5	12	1	4	1	8	7	3	1		19	13	26	4	4	1	10	16	3	28		4	7	12	16	3	32	8	7	17	1		0	5	12	1	20	4	8	9	7	15		6	8	1:02	1:02	1:02:00
2017097	701	749	20	0	5		1	6	13	2	4	2	9	7	4	9		20	14	27	5	1	2	11	7	4	29		5	8	13	17	4	33	9	1	18	2		1	6	13	2	21	5	9	10	8	9		6	9	2:01	2:01	1:02:00
2017098	90	407	11	1	7		0	7	14	3	4	3	10	7	5	1		21	15	28	6	4	3	12	1	5	30		0	9	14	18	1	34	10	2	19	3		2	7	14	3	22	6	10	7	9	1		6	10	1:02	1:02	1:02:00
2017099	277	46	10	0	6		0	8	15	4	4	4	6	1	6	2		0	16	29	7	1	4	13	2	6	31		1	10	15	19	4	35	11	3	20	4		3	8	15	4	23	7	6	1	10	2		6	11	0:03	1:02	2:01:00
2017100	450	596	20	0	4		1	9	16	5	1	5	6	2	7	9		1	17	30	8	2	5	14	3	7	32		2	11	16	20	1	36	12	4	21	9		4	9	16	5	24	8	6	2	11	3		6	12	2:01	3:00	2:00:01
																																																							
2017101	431	809	17	7	9		0	10	17	6	2	1	1	3	8	9		2	18	31	9	3	1	15	4	8	33		0	12	17	21	2	37	13	5	22	1		5	10	17	6	25	9	1	3	12	9		6	13	1:02	2:01	2:00:01
2017102	293	698	23	3	3		1	11	18	7	3	2	6	4	8	9		3	19	32	10	4	2	6	5	1	34		1	13	18	22	3	38	14	6	23	9		6	11	18	7	26	10	2	4	8	1		6	14	1:02	3:00	2:00:01
2017103	589	350	8	8	5		0	12	19	3	4	5	1	5	1	1		4	20	33	3	5	3	1	6	2	35		2	14	19	23	4	5	15	7	24	1		0	12	19	8	27	11	3	5	1	2		6	15	2:01	1:02	2:00:01
2017104	61	524	11	1	3		1	13	2	1	4	5	2	6	2	2		5	21	34	1	6	5	2	7	3	36		3	15	2	24	5	1	16	8	25	2		1	13	20	9	4	12	4	6	2	3		6	16	1:02	1:02	0:01:02
2017105	85	421	7	7	3		2	1	2	2	4	1	3	7	3	3		6	22	35	2	4	1	3	8	4	37		4	16	2	25	6	2	17	9	26	3		2	1	21	10	1	13	5	7	3	4		6	17	1:02	0:03	0:02:01
																																																							
2017106	347	936	18	8	6		3	1	1	3	1	2	6	8	4	9		7	23	36	3	1	2	4	9	5	9		5	17	1	3	7	3	18	10	27	4		3	1	22	11	2	14	6	8	4	5		6	18	2:01	2:01	3:00:00
2017107	840	725	14	4	5		4	2	2	1	2	5	1	7	5	1		8	24	37	4	2	3	5	7	6	1		6	18	2	1	8	4	19	11	28	5		4	2	23	12	3	5	1	9	5	6		6	19	2:01	2:01	0:01:02
2017108	892	557	17	7	2		5	3	1	2	3	5	2	7	6	2		9	25	38	5	3	5	6	1	7	2		7	19	1	2	9	5	20	12	29	6		5	3	24	13	4	1	2	7	6	7		1	3	3:00	3:00	0:01:02
2017109	48	488	20	0	4		6	4	2	3	4	1	3	1	8	3		10	26	39	6	4	1	7	2	8	3		8	20	2	3	10	1	21	13	8	7		6	4	25	14	5	2	3	1	8	8		2	3	0:03	2:01	0:01:02
2017110	686	266	14	4	4		7	5	2	4	1	2	6	2	1	4		11	27	2	7	1	2	8	3	9	4		9	21	3	4	11	2	6	14	1	8		7	5	26	15	6	3	6	2	1	9		3	3	0:03	2:01	2:00:01
																																																							
2017111	880	331	7	7	2		8	1	1	3	2	3	1	3	2	5		12	28	1	3	2	3	9	4	10	5		10	22	4	3	12	3	1	15	2	9		8	1	27	16	7	4	1	3	2	10		4	3	3:00	0:03	2:01:00
2017112	609	695	20	0	4		9	1	2	1	3	5	6	4	3	9		13	29	2	1	3	4	6	5	11	6		11	23	5	1	13	4	2	16	3	9		9	1	28	17	8	5	2	4	3	11		6	1	2:01	3:00	2:00:01
2017113	127	745	16	6	3		10	2	3	2	4	5	1	7	4	1		14	30	3	2	4	5	1	7	12	7		12	24	6	2	4	5	3	17	4	1		10	2	29	18	9	5	3	5	4	12		6	2	2:01	2:01	0:02:01
2017114	476	167	14	4	6		11	1	4	3	1	1	6	7	5	2		15	1	4	3	5	6	2	1	13	8		13	25	7	3	1	6	6	18	5	2		11	3	30	19	10	1	4	7	5	13		6	3	2:01	2:01	1:02:00
2017115	933	160	7	7	6		0	1	5	4	2	2	6	1	6	3		16	1	5	4	6	7	3	2	14	9		14	26	8	4	2	7	6	19	6	3		0	4	31	20	11	2	5	1	6	14		6	4	1:02	1:02	2:01:00
																																																							
2017116	320	814	13	3	7		1	1	6	5	4	3	1	2	8	4		17	1	6	5	7	8	4	3	8	10		15	1	9	5	3	8	1	20	7	4		1	5	32	21	4	3	6	2	7	15		6	5	1:02	1:02	0:02:01
2017117	710	731	11	1	6		2	1	7	3	1	4	2	7	1	5		18	2	7	6	8	9	5	7	1	11		16	1	10	3	4	9	2	21	8	5		2	1	33	22	1	4	7	3	8	16		6	6	3:00	1:02	1:02:00
2017118	383	605	11	1	6		0	1	8	1	2	5	6	1	2	6		19	3	8	7	9	10	6	1	2	12		0	2	11	1	5	10	3	22	9	6		3	1	34	23	2	5	8	4	9	17		6	7	1:02	2:01	2:00:01
2017119	373	509	14	4	9		0	2	9	2	3	5	1	2	3	9		20	4	9	8	10	5	1	2	3	13		0	3	12	2	6	11	4	23	10	7		4	2	35	24	3	1	9	5	10	9		6	8	2:01	2:01	2:00:01
2017120	880	284	14	4	6		1	3	2	3	4	1	2	3	8	1		21	5	2	9	11	1	2	3	4	14		1	4	13	3	7	12	5	24	8	8		5	3	36	25	4	2	10	6	11	1		6	9	0:03	1:02	0:01:02
																																																							
2017121	138	439	16	6	6		2	4	1	3	4	2	3	4	1	9		22	6	1	10	4	2	3	4	5	15		2	5	14	3	8	13	6	25	1	9		6	4	37	26	1	3	11	7	12	9		6	10	2:01	1:02	2:01:00
2017122	76	45	9	9	5		0	5	2	1	4	5	4	5	2	1		0	7	2	11	1	3	4	5	6	16		3	6	15	1	4	14	7	26	2	10		7	5	38	27	2	5	12	8	13	1		6	11	1:02	1:02	1:01:01
2017123	789	8	8	8	8		0	6	3	2	1	1	5	6	8	2		0	8	3	12	2	4	5	6	7	17		0	7	16	2	1	15	8	27	3	11		8	6	39	28	3	1	13	9	8	2		1	3	0:03	1:02	2:00:01
2017124	900	15	6	6	5		0	1	4	3	2	5	6	7	1	3		0	9	4	13	3	5	6	7	8	18		1	1	17	3	2	16	9	28	4	12		9	7	40	29	4	5	14	10	1	3		6	1	2:01	1:02	1:01:01
2017125	910	878	23	3	1		1	1	5	4	3	1	7	7	8	4		1	10	5	14	4	6	7	8	8	19		2	1	18	4	3	17	10	7	5	13		10	8	41	30	5	1	15	11	8	4		1	3	1:02	3:00	0:01:02
																																																							
2017126	281	499	22	2	5		2	2	6	5	4	2	8	1	1	9		2	11	6	15	4	7	8	9	1	20		3	2	19	5	4	18	11	1	6	9		11	9	42	31	6	2	16	12	1	9		2	3	2:01	2:01	2:01:00
2017127	90	623	11	1	4		3	3	2	3	1	3	6	2	2	1		3	12	7	16	1	8	6	10	2	21		4	3	2	6	5	19	12	2	7	1		12	10	43	3	7	3	17	13	2	1		6	1	1:02	1:02	2:00:01
2017128	535	55	10	0	5		0	4	1	1	2	5	1	3	3	2		0	13	8	17	2	9	1	11	3	22		5	4	1	7	6	5	13	3	8	2		13	11	44	1	8	5	18	14	3	2		1	3	2:01	2:01	1:00:02
2017129	333	566	17	7	1		1	5	2	2	3	5	6	4	4	3		1	14	9	18	3	5	2	12	4	23		6	5	2	8	7	1	6	4	9	3		14	12	45	2	9	1	6	15	4	3		2	3	1:02	3:00	2:00:01
2017130	593	676	19	9	1		2	6	3	3	4	1	6	7	5	4		2	15	10	19	4	1	6	13	5	24		7	6	3	9	8	2	1	7	10	4		15	13	46	3	10	2	6	16	5	4		3	3	1:02	3:00	2:01:00
																																																							
2017131	261	482	14	4	6		3	7	2	4	4	2	1	1	8	5		3	16	11	20	4	2	1	14	6	25		8	7	4	10	9	3	2	1	8	5		16	14	2	4	11	3	1	17	6	5		6	1	0:03	1:02	0:01:02
2017132	753	556	16	6	1		4	8	1	5	1	5	6	2	1	6		4	17	12	21	1	5	2	15	7	26		9	8	5	11	10	5	3	2	1	6		17	15	1	5	12	4	6	18	7	6		1	3	2:01	3:00	1:00:02
2017133	316	920	11	1	9		0	9	2	6	2	1	1	3	2	9		5	18	13	22	2	1	3	16	8	9		10	9	2	12	11	1	4	3	2	7		0	16	2	6	13	5	1	19	8	7		6	1	1:02	1:02	2:00:01
2017134	292	359	17	7	6		1	10	1	3	3	5	2	4	3	9		6	19	14	3	3	2	4	17	9	1		11	10	1	13	12	5	5	4	3	8		1	17	3	7	14	6	2	20	9	9		6	2	3:00	2:01	2:00:01
2017135	793	77	14	4	7		0	11	2	1	4	1	3	7	4	1		0	20	15	1	4	3	5	18	10	2		12	11	2	14	13	1	6	7	4	9		2	18	4	8	15	7	3	7	10	1		1	3	2:01	2:01	1:02:00
																																																							
2017136	43	888	24	4	0		1	12	3	2	5	2	4	1	8	2		1	21	16	2	5	4	6	19	8	3		13	12	3	15	14	2	7	1	8	10		3	19	5	9	16	8	4	1	8	2		2	3	0:03	3:00	0:00:03
2017137	366	119	11	1	8		2	1	4	3	6	3	5	2	1	9		2	1	17	3	6	5	7	20	1	4		14	1	4	16	15	3	8	2	1	11		4	20	6	10	17	9	5	2	1	9		3	3	3:00	1:02	1:02:00
2017138	426	181	10	0	7		3	1	5	4	7	4	6	3	8	1		3	1	18	4	7	6	8	21	2	5		15	1	5	17	16	4	9	3	8	12		5	1	7	11	18	10	6	3	2	1		4	3	2:01	1:02	0:02:01
2017139	220	695	20	0	4		4	1	6	5	8	5	6	4	1	9		4	1	19	5	8	7	6	22	3	6		16	2	6	18	17	5	10	4	1	9		6	1	8	12	19	5	7	4	3	2		6	1	2:01	3:00	2:00:01
2017140	633	614	11	1	5		5	1	7	6	4	1	6	5	2	1		5	2	20	6	9	8	6	23	4	7		17	1	7	19	18	6	11	5	2	1		7	2	9	13	4	1	8	5	4	3		6	2	1:02	1:02	1:02:00
																																																							
2017141	561	115	7	7	4		6	1	8	7	1	5	1	6	3	2		6	1	21	7	10	9	1	24	5	8		18	1	8	20	19	7	12	6	3	2		8	3	10	14	1	5	9	6	5	4		1	3	3:00	1:02	0:02:01
2017142	33	877	22	2	1		7	1	9	8	2	1	2	7	8	3		7	1	22	8	11	10	2	25	8	9		19	1	9	21	20	8	13	7	4	3		9	4	11	15	2	1	10	7	6	5		2	3	2:01	3:00	0:02:01
2017143	336	698	23	3	3		8	2	10	9	3	2	6	1	8	9		8	2	23	9	12	11	6	26	1	10		20	2	10	22	21	9	14	1	5	9		10	5	12	16	3	2	11	1	8	6		6	1	1:02	3:00	2:00:01
2017144	241	585	18	8	3		9	3	11	10	4	5	1	2	8	1		9	3	24	10	13	5	1	27	2	11		21	3	11	23	22	10	15	2	8	1		11	6	13	17	4	5	12	2	1	7		1	3	2:01	3:00	0:00:03
2017145	413	945	18	8	5		10	4	12	11	4	5	2	3	1	9		10	4	25	11	14	1	2	28	3	9		22	4	12	24	4	11	16	3	1	2		12	7	14	18	5	5	13	3	2	8		6	1	2:01	2:01	1:01:01
																																																							
2017146	183	549	18	8	5		11	5	13	12	4	5	3	4	2	9		11	5	26	12	15	5	3	29	4	1		23	5	13	25	4	12	17	4	2	3		13	8	15	19	6	1	14	4	3	9		6	2	2:01	2:01	1:01:01
2017147	277	299	20	0	7		12	6	2	13	1	1	4	5	3	9		12	6	2	13	16	1	4	30	5	2		24	6	14	26	1	13	18	5	3	9		14	9	16	20	7	2	15	5	4	9		1	3	2:01	2:01	2:00:01
2017148	80	739	19	9	6		13	7	1	3	2	2	5	7	4	9		13	7	1	14	17	2	5	7	6	3		25	7	15	3	2	14	19	6	4	1		15	10	17	21	8	3	16	6	5	9		6	1	3:00	2:01	2:01:00
2017149	277	739	19	9	6		14	8	2	3	3	3	6	7	5	9		14	8	2	15	18	3	6	7	7	4		26	8	16	3	3	15	20	7	5	2		16	11	18	22	9	4	17	7	6	9		6	2	3:00	2:01	2:01:00
2017150	104	113	5	5	2		15	1	3	3	4	4	7	1	6	1		15	1	3	16	19	4	7	1	8	5		27	1	17	1	4	16	21	8	6	3		17	12	19	3	10	5	18	8	7	1		1	3	3:00	0:03	1:02:00
																																																							
2017151	626	76	13	3	7		0	1	4	1	5	5	6	7	7	2		0	1	4	17	20	5	8	2	9	6		28	1	18	2	5	17	22	7	7	4		18	13	20	1	11	6	6	9	8	2		6	1	1:02	2:01	2:01:00
2017152	720	707	14	4	7		0	2	5	2	6	6	1	7	8	3		1	2	5	18	21	6	9	7	10	7		0	2	19	3	6	18	23	1	8	5		19	14	21	2	12	7	1	7	9	3		1	3	2:01	2:01	1:02:00
2017153	5	608	14	4	8		0	3	6	3	7	7	6	1	8	4		2	3	6	19	22	7	6	1	11	8		0	3	20	4	7	19	24	2	9	6		20	15	22	3	13	8	2	1	8	4		6	1	0:03	2:01	2:00:01
2017154	271	363	12	2	3		1	4	7	3	8	8	6	2	1	5		3	4	7	3	23	8	1	2	12	9		1	4	21	5	8	20	6	3	10	7		21	16	23	3	14	9	3	2	1	5		1	3	2:01	1:02	3:00:00
2017155	160	935	17	7	6		2	5	8	3	9	5	1	3	2	9		4	5	8	1	24	9	2	3	13	9		2	5	22	3	9	21	1	4	11	8		22	17	24	1	15	5	4	3	2	6		6	1	3:00	2:01	2:00:01
																																																							
2017156	114	248	14	4	6		3	6	2	1	4	1	2	4	8	1		5	6	2	2	25	10	3	4	14	1		3	6	23	1	4	22	2	5	12	9		23	18	25	2	16	1	5	4	8	7		6	2	0:03	1:02	0:01:02
2017157	249	173	11	1	6		4	1	1	3	1	2	3	7	1	2		6	1	1	3	26	11	4	5	15	2		4	7	24	2	1	23	3	7	13	10		24	19	26	3	17	2	6	5	1	8		6	3	3:00	1:02	1:02:00
2017158	110	285	15	5	6		5	1	2	1	2	5	4	1	8	3		7	1	2	4	27	12	5	6	16	3		5	8	25	3	2	24	4	1	8	11		25	20	27	1	18	5	7	6	2	9		6	4	1:02	2:01	0:00:03
2017159	634	872	17	7	6		6	2	2	2	3	1	5	7	8	4		8	2	1	5	28	13	6	7	8	4		6	9	26	4	3	25	5	7	1	12		26	21	2	2	19	1	8	7	3	10		6	5	1:02	2:01	0:01:02
2017160	464	210	3	3	2		0	1	2	3	4	2	6	1	1	5		9	3	2	6	29	14	7	8	1	5		7	1	27	5	4	26	6	1	2	13		0	22	1	3	20	2	9	8	4	11		6	6	1:02	0:03	1:01:01
																																																							
2017161	17	797	23	3	2		1	1	1	4	5	3	7	7	2	9		10	4	1	7	30	15	8	7	2	6		8	1	28	6	5	27	7	2	3	9		1	23	2	4	21	3	10	7	5	12		1	3	3:00	3:00	1:02:00
2017162	970	398	20	0	6		2	2	2	3	6	4	8	1	8	9		11	5	2	3	31	16	9	1	3	7		9	2	29	7	6	28	8	3	4	9		2	24	3	5	22	4	11	1	8	13		6	1	2:01	2:01	2:00:01
2017163	335	8	8	8	8		0	3	3	1	7	5	9	2	8	1		0	6	3	1	32	17	10	2	4	8		0	3	30	8	7	29	9	4	5	1		3	25	4	6	23	5	12	2	8	14		1	3	0:03	1:02	2:00:01
2017164	391	312	6	6	2		1	1	2	3	8	6	10	3	1	2		1	7	4	3	33	18	11	3	5	9		1	1	31	9	8	30	10	5	6	2		4	26	2	7	24	6	13	3	1	15		6	1	2:01	0:03	1:01:01
2017165	11	333	9	9	0		2	1	1	3	9	7	11	4	2	3		2	8	5	3	34	19	12	4	6	10		2	1	32	3	9	31	11	6	7	3		5	27	1	3	25	7	14	4	2	16		1	3	3:00	0:03	3:00:00
																																																							
2017166	78	496	19	9	5		3	2	2	1	4	8	6	5	3	9		3	9	6	1	4	20	13	5	7	11		3	2	33	1	10	32	12	7	8	9		6	28	2	1	26	8	6	5	3	17		6	3	1:02	2:01	2:01:00
2017167	395	471	12	2	6		4	1	3	2	4	9	1	7	4	1		4	10	7	2	4	21	14	6	8	12		4	3	34	2	11	33	13	7	9	1		7	1	3	2	27	9	1	6	4	18		6	4	2:01	1:02	0:03:00
2017168	964	136	10	0	5		5	1	4	3	1	10	6	1	5	2		5	1	8	3	1	22	15	7	9	13		5	4	35	3	12	34	14	1	10	2		8	1	4	3	28	10	6	7	5	19		6	5	2:01	1:02	2:01:00
2017169	884	854	17	7	4		6	1	5	1	4	5	1	2	8	3		6	1	9	4	2	23	16	8	8	14		6	5	36	1	13	5	15	2	11	3		9	2	5	4	4	11	1	8	6	20		6	6	1:02	2:01	0:01:02
2017170	345	881	17	7	7		7	1	6	2	1	1	2	3	8	4		7	2	10	5	3	24	17	9	8	15		7	6	37	2	14	1	16	3	8	4		10	1	6	5	1	12	2	9	7	21		1	3	1:02	2:01	0:01:02
																																																							
2017171	354	346	13	3	3		8	1	7	3	4	2	6	4	1	5		8	3	11	3	4	25	18	10	1	16		8	7	38	3	4	2	17	4	1	5		11	1	7	6	2	13	6	10	8	22		6	1	1:02	1:02	2:01:00
2017172	90	558	18	8	3		9	2	8	1	1	5	1	5	8	6		9	4	12	1	5	5	19	11	2	17		9	8	39	4	1	5	18	5	2	6		12	2	8	7	3	14	1	11	8	23		1	3	2:01	3:00	0:00:03
2017173	658	694	19	9	5		10	3	9	2	4	1	6	6	1	9		10	5	13	2	6	1	6	12	3	18		10	9	40	5	2	1	19	6	3	9		13	3	9	8	4	15	2	12	1	24		6	1	1:02	2:01	2:01:00
2017174	469	414	9	9	3		11	1	10	3	4	2	1	7	2	1		11	6	14	3	4	2	1	13	4	19		11	1	41	6	3	2	20	7	4	1		14	4	10	9	4	16	3	13	2	25		1	3	1:02	0:03	0:03:00
2017175	797	1	1	1	1		0	1	11	4	1	3	2	8	3	2		0	7	15	4	1	3	2	14	5	20		0	1	42	7	4	3	21	8	5	2		15	1	11	10	1	17	4	14	3	26		2	3	1:02	0:03	2:01:00
																																																							
2017176	495	276	15	5	5		1	1	2	5	2	4	6	7	4	3		1	8	2	5	2	4	3	15	6	21		1	2	43	8	5	4	22	7	6	3		16	1	12	11	2	18	6	15	4	27		6	1	1:02	2:01	1:01:01
2017177	126	975	21	1	4		2	2	1	6	3	5	1	7	5	9		2	9	1	6	3	5	4	16	7	9		2	3	44	9	6	5	23	7	7	4		17	2	13	12	3	5	1	16	5	28		6	2	3:00	3:00	1:01:01
2017178	981	744	15	5	3		3	3	2	7	4	1	2	7	6	1		3	10	2	7	4	6	5	7	8	1		3	4	45	10	4	6	24	1	8	5		18	3	14	13	4	1	2	17	6	29		1	3	1:02	1:02	0:03:00
2017179	424	159	15	5	8		4	1	3	8	1	5	3	1	7	9		4	1	3	8	5	7	6	1	9	2		4	5	46	11	1	5	25	2	9	6		19	4	15	14	1	2	3	18	7	9		6	1	3:00	2:01	1:01:01
2017180	412	364	13	3	3		5	1	4	3	4	1	6	2	8	1		5	1	4	3	6	8	7	2	10	3		5	6	47	12	2	1	6	3	10	7		20	5	16	15	4	3	4	19	8	1		6	2	1:02	1:02	2:01:00
																																																							
2017181	330	569	20	0	4		6	2	5	1	1	5	6	3	9	9		6	2	5	1	7	5	8	3	11	4		6	7	48	13	3	2	6	4	11	8		21	6	17	16	1	4	5	20	9	9		6	3	2:01	3:00	2:00:01
2017182	425	148	13	3	7		7	1	6	2	4	1	1	4	8	1		7	1	6	2	8	1	9	4	12	5		7	8	49	14	4	3	1	5	12	9		22	7	18	17	2	5	6	21	8	1		6	4	1:02	1:02	0:02:01
2017183	881	994	22	2	5		8	1	7	3	4	2	2	5	1	9		8	1	7	3	9	2	10	5	13	9		8	9	50	15	1	4	2	6	13	9		23	8	19	18	4	6	7	22	1	2		1	3	2:01	2:01	2:01:00
2017184	568	899	26	6	1		9	2	8	4	1	3	3	6	8	9		9	2	8	4	10	3	11	6	8	1		9	10	51	16	2	5	3	7	14	9		24	9	20	19	1	7	8	23	2	9		2	3	2:01	3:00	2:00:01
2017185	43	228	12	2	6		10	3	2	5	2	4	4	7	8	1		10	3	2	5	11	4	12	7	1	2		10	11	2	17	3	6	4	8	15	1		25	10	21	20	2	8	9	24	8	1		3	3	0:03	1:02	0:00:03
																																																							
2017186	696	33	6	6	3		0	4	1	3	3	5	5	8	1	2		0	4	1	6	12	5	13	8	2	3		11	12	1	3	4	7	5	9	16	2		26	11	22	3	3	9	10	25	1	2		4	3	2:01	0:03	3:00:00
2017187	968	613	10	0	5		1	1	2	3	4	6	6	9	2	3		1	5	2	7	13	6	6	9	3	4		12	1	2	1	5	8	6	10	17	3		27	12	23	3	4	10	11	26	2	3		6	1	2:01	1:02	2:01:00
2017188	602	741	12	2	6		2	1	3	1	4	7	1	7	3	4		2	6	3	8	14	7	1	7	4	5		13	1	3	2	4	9	7	11	18	4		28	1	24	1	5	11	12	27	3	4		6	2	2:01	1:02	0:03:00
2017189	72	562	13	3	4		3	1	2	2	1	5	6	1	4	5		3	7	4	9	15	5	2	1	5	6		14	2	4	3	1	10	6	12	19	5		29	1	2	2	6	12	13	28	4	5		6	3	1:02	2:01	1:00:02
2017190	806	883	19	9	5		4	2	1	3	2	1	1	2	8	6		4	8	5	10	16	1	3	2	8	7		15	3	5	4	2	11	1	13	8	6		30	2	1	3	7	13	14	29	5	6		1	3	1:02	2:01	1:00:02
																																																							
2017191	137	567	18	8	2		5	3	2	1	3	5	6	7	1	7		5	9	6	11	17	5	4	3	1	8		16	4	6	5	3	12	6	14	1	7		31	3	2	1	8	14	15	7	6	7		6	1	2:01	3:00	1:01:01
2017192	645	406	10	0	6		0	4	3	2	4	1	6	1	2	8		6	10	7	12	4	1	5	4	2	9		0	5	7	6	4	13	1	15	2	8		32	4	3	2	9	15	6	1	7	8		6	2	0:03	1:02	2:01:00
2017193	45	352	10	0	3		1	5	2	3	1	5	1	2	3	9		7	11	8	3	1	2	6	5	3	10		1	6	8	7	5	5	2	16	3	9		33	5	2	3	10	16	1	2	8	9		6	3	2:01	1:02	1:00:02
2017194	80	466	16	6	2		2	6	1	1	4	1	6	3	4	10		8	12	9	1	4	3	7	6	4	11		2	7	9	8	6	1	6	17	4	10		34	6	1	4	11	17	6	3	9	10		1	3	0:03	2:01	2:01:00
2017195	683	686	20	0	2		3	7	2	2	1	2	6	4	8	11		9	13	10	2	1	4	6	7	5	12		3	8	10	9	7	2	1	18	8	11		35	7	2	5	12	18	6	4	10	11		2	3	0:03	3:00	2:00:01
																																																							
2017196	796	174	12	2	6		4	1	3	3	4	3	1	7	1	12		10	1	11	3	2	5	1	8	6	13		4	9	11	10	8	3	2	7	1	12		36	8	3	6	4	19	1	5	11	12		6	1	2:01	1:02	0:03:00
2017197	278	681	15	5	7		5	1	4	4	1	4	6	1	8	13		11	1	12	4	3	6	6	9	7	14		5	10	12	11	9	4	3	1	8	13		37	1	4	7	1	20	2	6	12	13		6	2	1:02	2:01	1:01:01
2017198	465	703	10	0	7		0	1	5	3	2	5	1	7	1	14		12	2	13	5	4	7	1	7	8	15		0	11	13	12	10	5	4	2	1	14		38	1	5	3	2	21	3	7	13	14		6	3	2:01	1:02	2:01:00
2017199	230	367	16	6	4		1	2	6	3	3	6	6	7	2	15		13	3	14	3	5	8	2	1	9	16		1	12	14	13	11	6	6	3	2	15		39	2	6	1	3	22	4	7	14	15		6	4	2:01	2:01	2:01:00
2017200	889	827	17	7	6		2	3	2	1	4	7	1	7	8	16		14	4	15	1	6	9	3	2	8	17		2	13	2	14	12	7	1	4	3	16		40	3	7	2	4	23	5	7	15	16		6	5	1:02	2:01	0:01:02
																																																							
2017201	926	358	16	6	5		3	4	1	3	5	5	2	1	8	17		15	5	16	3	7	10	4	3	1	18		3	14	1	15	13	5	2	5	4	17		41	4	8	3	5	24	6	1	8	17		6	6	2:01	2:01	1:00:02
2017202	311	996	24	4	3		4	5	2	1	6	1	6	2	1	9		16	6	17	1	8	11	5	4	2	9		4	15	2	16	14	1	3	6	5	9		42	5	9	4	6	25	6	2	1	18		1	3	2:01	3:00	3:00:00
2017203	487	70	7	7	7		0	6	3	2	7	2	1	7	2	1		0	7	18	2	9	12	6	5	3	1		5	16	3	17	15	2	4	7	6	1		0	6	10	5	7	26	1	3	2	19		2	3	1:02	1:02	2:01:00
2017204	160	53	8	8	5		0	7	4	3	8	5	2	1	3	2		0	8	19	3	10	13	7	6	4	2		6	17	4	18	16	5	5	1	7	2		1	7	11	3	8	27	2	4	3	20		6	1	2:01	1:02	2:00:01
2017205	52	770	14	4	7		0	8	5	1	9	1	3	7	4	3		1	9	20	4	11	14	8	7	5	3		7	18	5	19	17	1	6	7	8	3		0	8	12	1	9	28	3	5	4	21		1	3	2:01	2:01	1:02:00
																																																							
2017206	659	344	11	1	1		1	9	6	3	4	2	4	1	5	4		2	10	21	3	12	15	9	1	6	4		8	19	6	20	4	2	7	1	9	4		1	9	13	2	4	29	4	6	5	22		2	3	1:02	0:03	1:02:00
2017207	405	331	7	7	2		2	1	7	3	1	3	5	2	6	5		3	11	22	3	13	16	10	2	7	5		9	20	7	3	1	3	8	2	10	5		2	1	14	3	1	30	5	7	6	23		3	3	3:00	0:03	2:01:00
2017208	33	822	12	2	6		3	1	2	1	2	4	6	3	8	6		4	12	23	1	14	17	11	3	8	6		10	21	2	1	2	4	9	3	11	6		3	1	2	4	2	31	6	8	7	24		4	3	0:03	1:02	0:00:03
2017209	747	354	12	2	2		4	2	1	3	4	5	7	4	1	7		5	13	24	3	15	18	12	4	1	7		11	22	1	2	3	5	10	4	12	7		4	2	1	5	4	32	7	9	8	25		6	1	2:01	1:02	1:01:01
2017210	936	256	13	3	4		5	3	2	1	1	5	6	5	2	8		6	14	2	1	16	19	13	5	2	8		12	23	2	3	4	5	11	5	13	8		5	3	2	6	1	33	6	10	9	26		6	2	1:02	2:01	1:00:02
																																																							
2017211	686	124	7	7	3		6	1	2	2	4	1	1	6	3	9		7	1	1	2	17	20	14	6	3	9		13	24	2	4	5	1	12	6	14	9		6	4	3	7	4	34	1	11	10	27		6	3	1:02	0:03	0:02:01
2017212	125	716	14	4	6		7	1	1	3	1	2	6	7	4	10		8	1	2	3	18	21	15	7	4	10		14	1	1	5	6	2	13	7	15	10		7	5	4	8	1	35	6	12	11	28		6	4	2:01	2:01	1:02:00
2017213	129	986	23	3	3		8	1	2	4	2	3	6	1	8	9		9	2	3	4	19	22	16	1	5	9		15	1	2	6	7	3	14	8	8	11		8	6	5	9	2	36	6	13	12	29		6	5	1:02	3:00	2:00:01
2017214	710	313	7	7	2		9	1	3	3	3	4	1	2	1	1		10	3	4	3	20	23	17	2	6	1		16	1	3	7	8	4	15	9	1	12		9	7	6	3	3	37	1	14	13	30		1	3	3:00	0:03	2:01:00
2017215	512	369	18	8	6		10	1	4	3	4	5	6	3	2	9		11	4	5	3	21	24	18	3	7	2		17	1	4	8	9	5	6	10	2	13		10	8	7	1	4	38	2	15	14	9		6	1	2:01	2:01	3:00:00
																																																							
2017216	652	63	9	9	6		0	2	5	3	5	6	6	4	3	1		0	5	6	1	22	25	19	4	8	3		18	2	5	9	10	6	6	11	3	14		11	9	8	3	5	39	3	16	15	1		6	2	1:02	1:02	3:00:00
2017217	483	812	11	1	7		1	1	2	1	6	7	1	5	8	2		1	6	7	2	23	26	20	5	8	4		19	1	6	10	11	7	1	12	4	15		12	10	2	1	6	40	4	17	16	2		6	3	1:02	1:02	0:01:02
2017218	562	911	11	1	8		2	1	1	2	7	8	2	6	1	9		2	7	8	3	24	27	21	6	1	9		20	1	7	11	12	8	2	13	5	16		13	1	1	2	7	41	5	18	17	3		1	3	3:00	1:02	1:02:00
2017219	187	513	9	9	4		3	1	2	3	8	5	3	7	2	1		3	8	9	4	25	5	22	7	2	1		21	1	8	12	13	9	3	14	6	17		14	1	2	3	8	42	6	19	18	4		6	1	3:00	1:02	1:01:01
2017220	122	287	17	7	6		4	1	2	1	9	1	4	7	8	2		4	9	2	5	26	1	23	8	3	2		22	1	9	13	14	10	4	15	8	18		15	2	3	1	9	43	7	7	19	5		6	2	1:02	2:01	0:01:02
																																																							
2017221	904	857	20	0	3		5	2	1	2	10	5	5	7	8	3		5	10	1	6	27	2	24	9	8	3		23	2	10	14	15	5	5	16	1	19		16	3	4	2	10	44	8	7	20	6		6	3	2:01	3:00	0:01:02
2017222	846	731	11	1	6		6	1	2	3	11	1	6	7	1	4		6	11	2	7	28	3	25	7	1	4		24	3	11	3	16	1	6	17	2	20		17	1	5	3	11	45	9	1	21	7		6	4	3:00	1:02	1:02:00
2017223	678	778	22	2	1		7	1	3	1	12	2	7	7	8	5		7	12	3	8	29	4	26	7	2	5		25	4	12	1	17	2	7	7	3	21		18	1	6	4	12	46	10	2	8	8		1	3	2:01	3:00	0:02:01
2017224	284	265	13	3	4		8	2	2	2	13	5	6	1	1	6		8	13	2	9	30	5	27	1	3	6		26	5	13	2	18	3	6	1	4	22		19	2	7	5	13	5	11	3	1	9		6	1	1:02	2:01	1:00:02
2017225	818	801	9	9	8		0	1	1	3	14	1	1	2	8	7		9	14	1	10	31	6	28	2	8	7		0	6	14	3	19	4	1	2	5	23		20	1	8	6	14	1	12	4	2	10		6	2	1:02	1:02	1:01:01
																																																							
2017226	833	903	12	2	9		0	1	2	3	15	2	2	3	1	9		10	15	2	11	32	7	29	3	1	9		0	7	15	4	20	5	2	3	6	24		21	1	9	3	15	2	13	5	3	11		6	3	2:01	1:02	3:00:00
2017227	780	885	21	1	3		1	2	3	1	16	5	3	4	8	1		11	16	3	12	33	8	30	4	8	1		1	8	16	5	21	6	3	4	8	25		22	2	10	1	16	5	14	6	4	12		1	3	1:02	3:00	0:00:03
2017228	895	535	13	3	2		2	3	4	3	17	5	4	5	1	2		12	17	4	13	34	5	31	5	1	2		2	9	17	3	22	7	4	5	1	26		23	3	11	2	17	5	15	7	5	13		2	3	3:00	2:01	1:00:02
2017229	972	707	14	4	7		0	4	5	1	18	1	5	7	2	3		13	18	5	14	35	1	32	7	2	3		0	10	18	1	23	8	5	6	2	27		24	4	12	3	18	1	16	7	6	14		3	3	2:01	2:01	1:02:00
2017230	765	598	22	2	4		1	5	6	2	19	5	6	1	8	9		14	19	6	15	36	5	33	1	3	4		1	11	19	2	24	9	6	7	3	9		25	5	13	4	19	2	17	1	8	15		6	1	2:01	3:00	1:00:02
																																																							
2017231	644	748	19	9	4		2	6	7	3	4	1	7	7	8	1		15	20	7	16	37	1	34	7	4	5		2	12	20	3	4	10	7	8	4	1		26	6	14	5	20	3	18	2	8	16		6	2	1:02	2:01	0:02:01
2017232	844	91	10	0	9		0	1	8	4	1	2	8	1	1	9		0	21	8	17	38	2	35	1	5	6		3	13	21	4	1	11	8	9	5	9		27	1	15	6	21	4	19	3	1	17		6	3	2:01	1:02	2:01:00
2017233	855	952	16	6	7		1	1	2	5	2	5	9	2	2	9		1	22	9	18	39	3	36	2	6	9		4	14	22	5	2	5	9	10	6	1		28	1	2	7	22	5	20	4	2	18		6	4	2:01	2:01	1:00:02
2017234	561	895	22	2	4		2	2	1	6	3	5	10	3	8	9		2	23	10	19	40	4	37	3	8	1		5	15	23	6	3	1	10	11	7	9		29	2	1	8	23	5	21	5	3	19		6	5	2:01	3:00	1:00:02
2017235	627	362	11	1	4		3	3	2	3	4	1	6	4	1	1		3	24	11	3	41	5	38	4	1	2		6	16	24	7	4	2	6	12	8	1		30	3	2	9	24	1	22	6	4	20		6	6	1:02	1:02	2:00:01
																																																							
2017236	241	937	19	9	6		4	4	1	3	5	2	1	7	2	9		4	25	12	1	42	6	39	5	2	9		7	17	25	3	5	3	1	13	9	2		31	4	1	10	25	2	23	7	5	21		6	7	3:00	2:01	2:01:00
2017237	833	135	9	9	4		5	1	2	3	6	5	2	1	3	1		5	1	13	2	43	7	40	6	3	1		8	18	26	3	6	4	2	14	10	3		32	5	2	11	26	5	24	1	6	22		6	8	3:00	1:02	1:01:01
2017238	870	517	13	3	6		6	1	3	1	7	5	3	7	4	2		6	1	14	3	44	5	41	7	4	2		9	1	27	1	7	5	3	15	11	4		33	6	3	12	27	1	25	7	7	23		6	9	3:00	2:01	0:02:01
2017239	927	389	20	0	6		7	1	4	3	8	1	4	1	8	9		7	2	15	3	45	1	42	8	5	3		10	1	28	2	8	6	4	16	8	5		34	7	4	13	28	2	26	1	8	9		6	10	2:01	2:01	2:00:01
2017240	852	591	15	5	8		8	1	5	1	9	5	5	2	1	9		8	3	16	1	46	5	43	9	6	4		11	2	29	3	9	7	5	17	1	9		35	1	5	14	29	3	27	2	9	1		6	11	3:00	2:01	1:01:01
																																																							
2017241	314	664	16	6	2		9	1	6	2	4	1	6	3	2	1		9	4	17	2	47	1	6	10	7	5		12	3	30	4	10	8	6	18	2	1		36	1	6	15	4	4	28	3	10	2		1	3	0:03	2:01	2:01:00
2017242	224	237	12	2	5		10	2	2	3	1	2	1	7	3	2		10	5	2	3	48	2	1	11	8	6		13	4	31	3	11	9	1	19	3	2		37	2	7	16	1	5	29	7	11	3		6	1	2:01	1:02	1:01:01
2017243	65	751	13	3	6		11	1	1	1	2	5	2	7	4	3		11	6	1	4	49	3	2	7	9	7		14	5	32	1	12	5	2	20	4	3		38	1	8	17	2	6	30	1	12	4		6	2	3:00	2:01	0:02:01
2017244	145	48	12	2	8		0	1	2	2	4	1	3	1	8	4		0	7	2	5	50	4	3	1	10	8		15	6	33	2	4	1	3	21	5	4		39	1	9	18	3	7	31	2	8	5		6	3	0:03	1:02	1:01:01
2017245	379	284	14	4	6		1	2	2	3	4	2	4	2	8	5		1	8	2	6	51	5	4	2	11	9		16	7	34	3	1	2	4	22	8	5		40	2	10	19	4	8	32	3	1	6		6	4	0:03	1:02	0:01:02
																																																							
2017246	17	778	22	2	1		2	3	1	4	1	3	5	7	8	6		2	9	1	7	52	6	5	7	12	10		17	8	35	4	2	3	5	7	1	6		41	3	11	20	1	9	33	4	8	7		1	3	2:01	3:00	0:02:01
2017247	411	370	10	0	7		0	4	2	3	2	4	6	7	1	7		3	10	2	3	53	7	6	1	13	11		18	9	36	5	3	4	6	7	2	7		0	4	12	21	2	10	34	5	1	8		6	1	2:01	1:02	2:01:00
2017248	234	856	19	9	3		1	5	3	1	3	5	6	1	8	8		4	11	3	1	54	8	7	2	8	12		19	10	37	6	4	5	7	1	3	8		1	5	13	22	3	11	6	6	2	9		6	2	1:02	3:00	1:00:02
2017249	511	302	5	5	3		0	6	2	3	4	1	1	2	1	9		5	12	4	3	55	9	8	3	1	13		0	11	38	7	5	1	8	2	4	9		2	6	2	23	4	12	1	7	3	10		6	3	1:02	0:03	2:00:01
2017250	611	142	7	7	3		1	1	2	1	4	2	2	3	2	10		6	1	5	1	56	10	9	4	2	14		1	12	39	8	4	2	9	3	5	10		3	7	2	24	5	13	2	8	4	11		6	4	1:02	0:03	0:02:01
																																																							
2017251	697	951	15	5	8		2	1	1	2	1	5	3	4	3	9		7	1	6	2	57	11	10	5	3	9		2	13	40	9	1	5	10	4	6	11		4	1	1	25	6	14	3	9	5	12		6	5	3:00	2:01	1:01:01
2017252	313	387	18	8	5		3	1	2	3	2	1	4	7	8	1		8	2	7	3	58	12	11	6	4	1		3	14	41	10	2	1	11	5	8	12		5	1	2	26	7	15	4	7	6	13		6	6	2:01	2:01	1:01:01
2017253	340	326	11	1	4		4	2	2	3	3	2	6	1	1	2		9	3	8	3	59	13	12	7	5	2		4	15	2	11	3	2	12	6	1	13		6	2	3	27	8	16	6	1	7	14		6	7	1:02	1:02	2:00:01
2017254	213	639	18	8	6		5	3	1	3	4	3	6	2	2	9		10	4	9	1	60	14	6	8	6	3		5	16	1	3	4	3	13	7	2	14		7	3	4	28	9	17	1	2	8	9		6	8	2:01	2:01	3:00:00
2017255	988	521	8	8	4		6	1	2	1	5	5	1	3	3	1		11	5	10	2	61	5	1	9	7	4		6	17	2	1	5	4	14	8	3	15		8	1	5	29	10	18	2	3	9	1		6	9	2:01	1:02	0:01:02
																																																							
2017256	130	362	11	1	4		7	1	2	3	6	1	6	4	4	2		12	6	11	3	62	1	2	10	8	5		7	18	1	2	6	5	6	9	4	16		9	1	2	30	11	19	3	4	10	2		6	10	1:02	1:02	2:00:01
2017257	504	234	9	9	2		8	2	2	3	4	2	1	5	5	3		13	7	2	1	63	2	3	11	9	6		8	19	2	3	7	6	1	10	5	17		10	2	1	31	4	20	4	5	11	3		6	11	1:02	0:03	1:01:01
2017258	145	361	10	0	5		9	1	1	3	1	3	6	6	6	4		14	8	1	3	64	3	4	12	10	7		9	20	3	1	8	7	6	11	6	18		11	1	2	32	1	21	5	6	12	4		6	12	2:01	1:02	2:01:00
2017259	533	481	13	3	7		10	1	2	1	4	4	1	7	8	5		15	9	2	1	4	4	5	13	11	8		10	21	4	2	9	8	1	12	8	19		12	1	3	33	2	22	6	7	13	5		6	13	1:02	1:02	0:02:01
2017260	204	95	14	4	9		0	1	3	2	1	5	2	8	1	9		0	10	3	2	1	5	6	14	12	9		11	22	5	3	10	9	2	13	1	9		13	1	4	34	3	5	7	8	14	6		6	14	2:01	2:01	2:00:01
																																																							
2017261	429	686	20	0	2		1	2	4	3	2	1	6	9	8	1		1	11	4	3	2	6	6	15	13	10		12	23	6	4	11	10	3	14	8	1		14	2	5	35	4	1	6	9	15	7		1	3	0:03	3:00	2:00:01
2017262	597	912	12	2	8		2	1	2	4	3	2	1	10	1	9		2	12	5	4	3	7	1	16	14	9		13	1	7	5	12	11	4	15	1	2		15	3	2	36	5	2	1	10	16	8		6	1	2:01	1:02	1:01:01
2017263	52	672	15	5	5		3	1	2	5	4	3	6	7	2	1		3	13	6	5	4	8	6	17	15	1		14	1	8	6	13	12	5	7	2	3		16	4	2	37	6	3	2	11	17	9		6	2	1:02	2:01	1:01:01
2017264	931	933	15	5	6		4	2	1	3	5	4	1	1	3	9		4	14	7	6	5	9	1	18	16	9		15	2	9	3	14	13	6	1	3	4		17	5	1	3	7	4	3	12	18	10		1	3	3:00	1:02	3:00:00
2017265	541	372	12	2	5		5	3	2	3	6	5	2	7	4	1		5	15	8	3	6	10	2	19	17	1		16	3	10	1	15	14	7	7	4	5		18	6	2	1	8	5	4	13	19	11		6	1	2:01	1:02	1:01:01
																																																							
2017266	350	203	5	5	3		0	4	2	3	7	6	3	1	5	2		6	16	2	1	7	11	3	20	18	2		0	4	11	2	16	15	8	1	5	6		19	7	1	3	9	6	5	14	20	12		6	2	1:02	0:03	2:00:01
2017267	848	770	14	4	7		0	5	1	1	8	7	4	7	6	3		7	17	1	2	8	12	4	7	19	3		1	5	12	3	17	16	9	7	6	7		0	8	2	1	10	7	6	15	21	13		1	3	2:01	2:01	1:02:00
2017268	687	578	20	0	3		1	6	2	2	9	5	5	7	8	4		8	18	2	3	9	5	5	1	20	4		2	6	13	4	18	17	10	7	7	8		1	9	3	2	11	8	7	16	8	14		6	1	2:01	3:00	0:01:02
2017269	995	938	20	0	6		2	7	3	3	10	1	6	1	8	9		9	19	3	4	10	1	6	2	21	9		3	7	14	3	19	18	11	1	8	9		2	10	4	3	12	9	8	17	8	15		6	2	2:01	2:01	2:00:01
2017270	408	135	9	9	4		3	1	4	3	11	5	7	2	1	1		10	1	4	5	11	2	7	3	22	1		4	8	15	3	20	19	12	2	9	10		3	11	5	4	13	5	9	18	1	16		6	3	3:00	1:02	1:01:01
																																																							
2017271	992	428	14	4	6		4	1	2	1	4	1	8	3	8	2		11	1	5	6	4	3	8	4	23	2		5	9	2	1	21	20	13	3	10	11		4	12	6	5	14	1	10	19	8	17		6	4	0:03	1:02	0:01:02
2017272	821	934	16	6	6		5	2	1	3	4	2	9	4	1	9		12	2	6	7	1	4	9	5	24	9		6	10	1	3	22	21	14	4	11	12		5	13	7	6	4	2	11	20	1	18		6	5	2:01	1:02	2:01:00
2017273	659	267	15	5	5		6	3	2	1	1	3	6	7	2	1		13	3	2	8	2	5	10	6	25	1		7	11	2	1	23	22	6	5	12	13		6	14	8	7	1	3	12	7	2	19		6	6	1:02	2:01	1:01:01
2017274	676	944	17	7	5		7	4	1	2	4	4	1	1	3	9		14	4	1	9	3	6	11	7	26	9		8	12	3	2	4	23	1	6	13	14		7	15	9	8	4	4	13	1	3	20		1	3	1:02	1:02	1:02:00
2017275	823	898	25	5	1		8	5	2	3	1	5	2	2	8	9		15	5	2	10	4	7	12	8	8	1		9	13	4	3	1	24	2	7	14	9		8	16	10	9	1	5	14	2	8	21		2	3	1:02	3:00	1:00:02
																																																							
2017276	966	887	23	3	1		9	6	3	4	2	6	3	7	8	1		16	6	3	11	5	8	13	9	8	2		10	14	5	4	2	25	3	8	8	1		9	17	11	10	2	6	15	7	1	22		3	3	1:02	3:00	0:01:02
2017277	32	557	17	7	2		10	7	4	5	3	5	4	7	1	2		17	7	4	12	6	5	14	10	1	3		11	15	6	5	3	5	4	9	1	2		10	18	12	11	3	7	16	7	2	23		4	3	3:00	3:00	0:01:02
2017278	491	902	11	1	9		0	8	2	6	4	1	5	1	2	9		18	8	5	13	7	1	15	11	2	9		0	16	7	6	4	1	5	10	2	3		11	19	2	12	4	8	17	1	3	24		6	1	1:02	1:02	2:00:01
2017279	289	453	12	2	2		1	9	1	3	4	5	6	2	3	1		19	9	6	14	4	2	16	12	3	1		1	17	8	7	5	5	6	11	3	4		12	20	1	3	5	9	18	2	4	25		6	2	2:01	1:02	1:01:01
2017280	348	658	19	9	3		2	10	2	1	1	5	6	3	8	2		20	10	7	15	1	3	6	13	4	2		2	18	9	8	6	5	7	12	4	5		13	21	2	1	6	10	19	3	8	26		6	3	1:02	3:00	1:00:02
																																																							
2017281	760	609	15	5	9		0	11	3	2	2	1	6	4	1	9		21	11	8	16	2	4	6	14	5	3		0	19	10	9	7	1	8	13	5	6		14	22	3	2	7	11	20	4	1	9		6	4	1:02	2:01	3:00:00
2017282	460	568	19	9	3		1	12	4	3	3	5	6	5	8	1		22	12	9	17	3	5	1	15	6	4		1	20	11	10	8	2	6	14	6	7		15	23	4	3	8	12	21	5	8	1		6	5	1:02	3:00	1:00:02
2017283	17	355	13	3	2		2	13	5	3	4	5	1	6	1	2		23	13	10	3	4	1	2	16	7	5		2	21	12	11	9	5	1	15	7	8		16	24	5	4	9	5	22	6	1	2		1	3	3:00	2:01	1:00:02
2017284	748	131	5	5	2		3	1	6	3	5	1	2	7	2	3		24	1	11	1	5	2	3	17	8	6		3	22	13	3	10	1	2	16	8	9		17	1	6	5	10	1	23	7	2	3		2	3	3:00	0:03	1:02:00
2017285	560	434	11	1	1		4	1	7	3	4	2	3	8	3	4		25	1	12	2	4	3	4	18	9	7		4	23	14	3	11	2	3	17	9	10		18	1	7	6	4	2	24	8	3	4		3	3	1:02	0:03	1:02:00
																																																							
2017286	610	512	8	8	4		5	1	2	1	1	5	4	9	4	5		26	2	13	3	1	5	5	19	10	8		5	1	15	1	12	3	4	18	10	11		19	2	2	7	1	3	25	9	4	5		6	1	2:01	1:02	0:01:02
2017287	527	285	15	5	6		6	1	2	2	2	5	5	10	8	6		27	3	2	4	2	1	6	20	11	9		6	1	16	2	13	4	5	19	8	12		20	3	1	8	2	5	26	10	5	6		6	2	1:02	2:01	0:00:03
2017288	226	300	3	3	3		0	2	1	3	3	1	6	11	1	7		28	4	1	3	3	2	7	21	12	10		0	2	17	3	14	5	6	20	1	13		0	4	2	9	3	1	27	11	6	7		1	3	1:02	0:03	3:00:00
2017289	531	236	11	1	4		1	3	2	3	4	2	6	12	2	8		29	5	2	1	4	3	8	22	13	11		1	3	18	3	15	6	7	21	2	14		1	5	3	10	4	2	6	12	7	8		6	1	1:02	1:02	2:00:01
2017290	652	285	15	5	6		2	4	2	1	5	5	1	13	8	9		30	6	2	2	5	4	9	23	14	12		2	4	19	1	16	7	8	22	8	15		2	6	4	11	5	5	1	13	8	9		6	2	1:02	2:01	0:00:03
																																																							
2017291	894	765	18	8	2		3	5	1	2	6	5	6	7	1	10		31	7	1	3	6	5	10	7	15	13		3	5	20	2	17	8	6	23	1	16		3	7	5	12	6	5	2	14	9	10		6	3	2:01	3:00	1:01:01
2017292	628	715	13	3	6		4	1	2	3	7	5	1	7	2	11		32	8	2	4	7	6	11	7	16	14		4	1	21	3	18	9	1	24	2	17		4	8	6	13	7	5	3	15	10	11		6	4	3:00	2:01	0:02:01
2017293	331	669	21	1	3		5	1	3	4	8	1	6	1	3	9		33	9	3	5	8	7	6	1	17	15		5	1	22	4	19	10	6	25	3	18		5	9	7	14	8	1	4	16	11	9		1	3	1:02	3:00	3:00:00
2017294	395	757	19	9	2		6	2	4	5	9	5	1	7	4	1		34	10	4	6	9	8	1	7	18	16		6	2	23	5	20	5	1	26	4	19		6	10	8	15	9	2	5	7	12	1		2	3	3:00	3:00	0:02:01
2017295	722	723	12	2	5		7	3	2	3	10	1	2	7	5	2		35	11	5	7	10	9	2	7	19	17		7	3	2	6	21	1	2	27	5	20		7	11	9	3	10	3	6	1	13	2		6	1	2:01	1:02	1:01:01
																																																							
2017296	987	959	23	3	4		8	4	1	1	11	5	3	1	6	9		36	12	6	8	11	10	3	1	20	9		8	4	1	7	22	5	3	28	6	21		8	12	10	1	11	4	7	2	14	9		1	3	3:00	3:00	2:00:01
2017297	492	462	12	2	4		9	5	2	2	4	1	6	2	7	1		37	13	7	9	4	11	4	2	21	1		9	5	2	8	23	1	6	29	7	22		9	13	2	2	12	5	8	3	15	1		6	1	0:03	1:02	1:01:01
2017298	732	218	11	1	7		10	1	2	3	1	2	1	3	8	2		38	14	2	10	1	12	5	3	22	2		10	1	3	9	24	2	1	30	8	23		10	14	1	3	13	6	9	4	8	2		6	2	1:02	1:02	0:01:02
2017299	365	921	12	2	8		11	1	2	4	2	3	2	4	1	9		39	15	1	11	2	13	6	4	23	9		11	1	2	10	25	3	2	31	9	24		11	1	2	4	14	7	10	5	1	3		6	3	2:01	1:02	1:01:01
2017300	610	50	5	5	5		0	1	1	5	3	5	3	5	2	1		0	16	2	12	3	14	7	5	24	1		12	2	1	11	26	5	3	32	10	25		0	1	3	5	15	8	11	6	2	4		1	3	1:02	1:02	2:00:01
																																																							
2017301	253	391	13	3	8		1	1	2	3	4	1	4	6	3	9		1	17	3	3	4	15	8	6	25	2		13	3	2	12	27	1	4	33	11	9		1	1	4	6	16	9	12	7	3	5		6	1	3:00	1:02	2:01:00
2017302	817	241	7	7	3		2	1	2	1	4	2	5	7	4	1		2	18	2	1	5	16	9	7	26	3		14	4	3	13	4	2	5	34	12	1		2	1	5	7	17	10	13	8	4	6		6	2	1:02	0:03	0:02:01
2017303	759	497	20	0	5		3	1	1	2	4	3	6	7	5	9		3	19	1	2	4	17	10	8	27	4		15	5	4	14	1	3	6	35	13	9		3	1	6	8	18	11	14	7	5	7		6	3	2:01	2:01	1:02:00
2017304	526	109	10	0	9		0	1	2	3	1	4	7	1	6	9		4	1	2	3	1	18	11	9	28	5		0	6	5	15	2	4	7	36	14	1		4	2	7	9	19	12	15	1	6	9		6	4	2:01	1:02	2:01:00
2017305	650	420	6	6	4		0	1	2	4	4	5	8	2	7	1		5	1	3	4	4	19	12	10	29	6		1	7	2	16	3	5	8	37	15	2		0	3	8	10	20	13	16	2	7	1		6	5	0:03	0:03	1:01:01
																																																							
2017306	156	817	16	6	7		1	1	1	5	1	6	9	7	8	2		6	2	4	5	1	20	13	11	8	7		2	1	1	17	4	6	9	38	16	3		1	4	9	11	21	14	17	7	8	2		6	6	2:01	2:01	0:02:01
2017307	856	517	13	3	6		2	1	2	6	2	5	10	7	1	3		7	3	5	6	2	5	14	12	1	8		3	1	2	18	5	7	10	39	17	4		2	5	10	12	22	15	18	7	9	3		6	7	3:00	2:01	0:02:01
2017308	219	710	8	8	7		0	1	3	7	3	1	11	7	2	4		8	4	6	7	3	1	15	7	2	9		4	1	3	19	6	8	11	40	18	5		0	6	11	13	23	16	19	1	10	4		6	8	2:01	1:02	1:02:00
2017309	689	879	24	4	2		1	1	4	8	4	2	12	7	8	9		9	5	7	8	4	2	16	1	8	10		5	1	4	20	7	9	12	7	19	6		1	7	12	14	24	17	20	2	11	9		6	9	2:01	3:00	1:01:01
2017310	878	136	10	0	5		2	1	5	3	5	3	6	1	1	1		10	1	8	9	5	3	17	2	1	11		6	2	5	3	8	10	13	1	20	7		2	8	13	15	25	18	6	3	12	1		6	10	2:01	1:02	2:01:00
																																																							
2017311	645	979	25	5	2		3	1	6	1	6	4	1	7	2	9		11	1	9	10	6	4	18	3	2	9		7	3	6	1	9	11	14	7	21	8		3	9	14	16	26	19	1	4	13	9		1	3	3:00	3:00	2:01:00
2017312	336	114	6	6	3		4	1	7	2	4	5	2	1	3	1		12	1	10	11	7	5	19	4	3	1		8	1	7	2	10	12	15	1	22	9		4	10	15	17	4	20	2	5	14	1		2	3	2:01	0:03	0:03:00
2017313	594	232	7	7	1		5	1	2	3	1	6	3	2	4	2		13	1	2	12	8	6	20	5	4	2		9	1	8	3	11	13	16	2	23	10		5	11	2	18	1	21	3	6	15	2		3	3	1:02	0:03	1:00:02
2017314	251	300	3	3	3		0	2	1	3	2	7	4	3	5	3		14	2	1	3	9	7	21	6	5	3		0	2	9	1	12	14	17	3	24	11		0	12	1	19	2	22	4	7	16	3		4	3	1:02	0:03	3:00:00
2017315	589	791	17	7	8		1	1	2	1	3	8	5	7	6	9		15	3	2	1	10	8	22	7	6	4		1	3	10	2	13	15	18	4	25	9		1	1	2	20	3	23	5	8	17	4		6	1	3:00	2:01	1:02:00
																																																							
2017316	607	723	12	2	5		2	1	2	3	4	9	6	7	7	1		16	4	3	2	11	9	23	7	7	5		2	4	2	3	14	16	19	5	26	1		2	1	3	3	4	24	6	9	18	5		6	2	2:01	1:02	1:01:01
2017317	915	771	15	5	6		3	1	1	1	5	10	7	7	8	2		17	5	4	3	12	10	24	7	8	6		3	5	1	4	15	17	20	7	27	2		3	1	4	1	5	25	7	10	19	6		1	3	3:00	2:01	0:03:00
2017318	328	856	19	9	3		4	1	2	2	6	5	6	1	8	3		18	6	5	4	13	11	25	1	8	7		4	6	2	5	16	5	21	1	28	3		4	1	5	2	6	26	6	11	20	7		6	1	1:02	3:00	1:00:02
2017319	109	105	6	6	5		0	1	3	3	7	5	1	2	1	4		19	1	6	5	14	12	26	2	1	8		0	7	3	6	17	1	22	2	29	4		5	2	6	3	7	5	1	12	21	8		6	2	2:01	1:02	1:01:01
2017320	808	543	12	2	2		1	1	4	3	4	5	2	3	2	5		20	1	7	6	15	5	27	3	2	9		1	8	4	7	4	2	23	3	30	5		6	3	7	3	8	1	2	13	22	9		6	3	2:01	1:02	1:01:01
																																																							
2017321	901	188	17	7	7		2	1	5	1	1	1	3	4	8	6		21	1	8	7	16	1	28	4	3	10		2	9	5	8	1	3	24	4	8	6		7	4	8	1	9	2	3	14	8	10		1	3	1:02	2:01	0:01:02
2017322	649	419	14	4	8		3	1	6	2	4	2	4	5	1	9		22	1	9	8	4	2	29	5	4	11		3	1	6	9	2	4	25	5	1	7		8	5	9	2	10	3	4	15	1	9		6	1	2:01	1:02	1:02:00
2017323	243	280	10	0	8		0	1	2	3	1	3	5	6	8	1		23	2	2	9	1	3	30	6	5	12		4	1	7	10	3	5	26	6	8	8		0	6	10	3	11	4	5	16	2	1		6	2	0:03	1:02	1:00:02
2017324	227	637	16	6	4		1	2	1	3	2	4	6	7	1	2		24	3	1	10	2	4	6	7	6	13		5	2	8	3	4	6	27	7	1	9		1	7	11	4	12	5	6	7	3	2		6	3	2:01	2:01	2:01:00
2017325	985	406	10	0	6		0	3	2	1	4	5	6	1	2	3		25	4	2	11	4	5	1	8	7	14		0	3	9	1	5	7	28	8	2	10		2	8	12	5	13	6	6	1	4	3		6	4	0:03	1:02	2:01:00
																																																							
2017326	173	490	13	3	9		0	4	3	2	4	6	1	2	3	9		26	5	3	12	4	6	2	9	8	15		1	4	10	2	6	8	29	9	3	9		0	9	13	6	14	7	1	2	5	4		6	5	1:02	1:02	2:01:00
2017327	978	351	9	9	4		1	1	4	3	1	5	2	3	4	1		27	6	4	3	1	7	3	10	9	16		2	5	11	3	7	5	30	10	4	1		1	1	14	7	15	8	2	3	6	5		6	6	3:00	1:02	1:01:01
2017328	296	30	3	3	3		0	1	5	3	2	1	3	4	5	2		0	7	5	1	2	8	4	11	10	17		3	6	12	3	8	1	31	11	5	2		0	1	15	8	16	9	3	4	7	6		1	3	1:02	0:03	3:00:00
2017329	986	913	13	3	8		1	1	6	3	3	2	4	5	6	9		1	8	6	2	3	9	5	12	11	9		4	1	13	1	9	2	32	12	6	3		1	2	16	3	17	10	4	5	8	7		6	1	3:00	1:02	2:01:00
2017330	807	430	7	7	4		0	1	7	3	4	3	5	6	7	1		2	9	7	3	4	10	6	13	12	1		5	1	14	3	10	3	33	13	7	4		0	3	17	1	18	11	5	6	9	8		6	2	1:02	0:03	2:01:00
																																																							
2017331	481	782	17	7	6		1	2	2	1	1	4	6	7	8	2		3	10	8	4	1	11	7	7	13	2		6	2	15	1	11	4	34	14	8	5		1	4	2	2	19	12	6	7	10	9		6	3	1:02	2:01	0:01:02
2017332	20	804	12	2	8		0	3	1	2	4	5	7	1	8	3		4	11	9	5	2	12	8	1	8	3		0	3	16	2	12	5	35	15	1	6		2	5	1	3	4	13	7	8	11	10		6	4	0:03	1:02	1:01:01
2017333	526	442	10	0	2		1	4	2	3	4	6	8	2	1	4		5	12	10	6	4	13	9	2	1	4		1	4	17	3	4	6	36	16	2	7		3	6	2	4	1	14	8	9	12	11		1	3	0:03	0:03	0:02:01
2017334	357	905	14	4	9		0	5	1	4	1	5	9	3	2	9		6	13	11	7	1	14	10	3	2	9		0	5	18	4	1	7	37	17	3	8		4	7	1	5	2	5	9	10	13	12		6	1	2:01	2:01	2:00:01
2017335	590	705	12	2	7		0	6	2	5	2	5	10	7	3	1		7	14	12	8	2	15	11	7	3	1		0	6	19	5	2	8	38	18	4	9		5	8	2	6	3	5	10	11	14	13		6	2	2:01	2:01	1:01:01
																																																							
2017336	29	775	19	9	2		1	7	3	6	3	5	11	7	4	2		8	15	13	9	3	16	12	7	4	2		1	7	20	6	3	9	39	7	5	10		6	9	3	7	4	5	11	12	15	14		1	3	3:00	3:00	0:02:01
2017337	127	444	12	2	0		2	8	4	7	4	1	12	1	5	3		9	16	14	10	4	17	13	1	5	3		2	8	21	7	4	10	40	1	6	11		7	10	4	8	4	1	12	13	16	15		2	3	0:03	0:03	0:03:00
2017338	580	901	10	0	9		0	1	5	8	1	2	13	2	6	9		10	17	15	11	1	18	14	2	6	9		0	9	22	8	1	11	41	2	7	12		8	1	5	9	1	2	13	14	17	16		6	2	2:01	1:02	2:01:00
2017339	430	853	16	6	5		1	1	6	3	2	5	14	3	8	1		11	18	16	12	2	19	15	3	8	1		1	10	23	9	2	5	42	3	8	13		9	1	6	3	2	3	14	15	18	17		6	3	2:01	2:01	1:00:02
2017340	811	714	12	2	6		2	1	7	1	4	1	15	7	1	2		12	19	17	13	3	20	16	7	1	2		2	1	24	10	3	1	43	4	9	14		10	2	7	1	4	4	15	16	19	18		6	4	2:01	1:02	0:03:00
																																																							
2017341	517	162	9	9	5		3	1	2	2	1	2	6	1	2	3		13	1	18	14	4	21	17	1	2	3		3	1	25	11	4	2	6	5	10	15		11	3	2	2	1	5	16	17	20	19		6	5	1:02	1:02	1:01:01
2017342	836	960	15	5	9		0	1	1	3	2	3	6	2	3	9		14	1	19	15	5	22	18	2	3	9		4	2	26	12	5	3	6	6	11	16		0	4	1	3	2	6	17	18	21	20		6	6	1:02	2:01	3:00:00
2017343	603	861	15	5	7		1	1	2	4	3	4	6	3	8	1		15	2	20	16	6	23	19	3	8	1		5	3	27	13	6	4	6	7	12	17		1	1	2	4	3	7	18	19	22	21		6	7	1:02	2:01	1:01:01
2017344	664	698	23	3	3		2	1	3	5	4	5	6	4	8	9		16	3	21	17	7	24	6	4	1	2		6	4	28	14	7	5	1	8	13	9		2	1	3	5	4	8	19	20	8	22		6	8	1:02	3:00	2:00:01
2017345	564	173	11	1	6		3	1	4	3	5	6	1	7	1	1		17	1	22	18	8	25	1	5	2	3		7	5	29	15	8	6	2	7	14	1		3	2	4	3	5	9	20	21	1	23		6	9	3:00	1:02	1:02:00
																																																							
2017346	751	861	15	5	7		4	1	5	1	6	7	6	1	8	2		18	1	23	19	9	26	2	6	8	4		8	6	30	16	9	7	6	1	15	2		4	1	5	1	6	10	21	22	2	24		6	10	1:02	2:01	1:01:01
2017347	68	666	18	8	0		5	1	6	2	7	8	6	2	1	3		19	2	24	20	10	27	6	7	1	5		9	7	31	17	10	8	6	2	16	3		5	1	6	2	7	11	6	23	3	25		1	3	0:03	3:00	3:00:00
2017348	731	311	5	5	2		6	1	7	3	8	9	1	3	2	4		20	3	25	3	11	28	1	8	2	6		10	1	32	18	11	9	1	3	17	4		6	1	7	3	8	12	1	24	4	26		2	3	3:00	0:03	1:02:00
2017349	972	537	15	5	4		7	1	8	3	9	5	2	7	3	5		21	4	26	1	12	5	2	9	3	7		11	1	33	3	12	10	2	4	18	5		7	1	8	4	9	13	2	7	5	27		6	1	3:00	2:01	1:01:01
2017350	48	726	15	5	5		8	2	2	1	10	1	6	7	4	6		22	5	27	2	13	1	3	7	4	8		12	2	2	1	13	11	3	5	19	6		8	2	9	5	10	14	6	1	6	28		6	2	1:02	2:01	1:01:01
																																																							
2017351	945	109	10	0	9		0	1	1	2	11	2	1	1	5	9		23	1	28	3	14	2	4	1	5	9		0	3	1	2	14	12	4	6	20	7		9	3	10	6	11	15	1	2	7	9		6	3	2:01	1:02	2:01:00
2017352	122	855	18	8	3		1	1	2	3	12	5	2	2	8	1		24	1	29	4	15	3	5	2	8	10		1	4	2	3	15	5	5	7	21	8		10	4	11	7	12	5	2	3	8	1		1	3	2:01	3:00	0:00:03
2017353	616	94	13	3	9		0	2	3	4	4	1	3	3	1	9		0	2	30	5	16	4	6	3	1	11		2	5	3	4	16	1	6	8	22	9		11	5	12	8	4	1	3	4	9	2		6	1	1:02	1:02	2:01:00
2017354	417	294	15	5	7		1	3	2	5	4	2	4	4	2	9		1	3	2	6	17	5	7	4	2	12		3	6	4	5	17	2	7	9	23	9		12	6	13	9	4	2	4	5	10	3		6	2	1:02	1:02	1:01:01
2017355	206	31	4	4	3		0	1	1	3	1	3	5	5	3	1		0	4	1	7	18	6	8	5	3	13		4	7	5	3	18	3	8	10	24	1		13	1	14	10	1	3	5	6	11	4		6	3	2:01	0:03	2:01:00
																																																							
2017356	256	647	17	7	3		1	1	2	1	4	4	6	7	4	2		1	5	2	8	19	7	6	6	4	14		5	8	6	1	4	4	9	11	25	2		14	1	15	11	2	4	6	7	12	5		6	4	1:02	2:01	1:02:00
2017357	517	665	17	7	1		2	2	3	2	1	5	6	1	5	3		2	6	3	9	20	8	6	7	5	15		6	9	7	2	1	5	6	12	26	3		15	2	16	12	3	5	7	1	13	6		1	3	1:02	3:00	2:00:01
2017358	131	612	9	9	5		3	1	2	3	2	1	6	2	6	4		3	7	4	10	21	9	6	8	6	16		7	1	8	3	2	6	1	13	27	4		16	3	2	13	4	1	8	2	14	7		6	1	1:02	1:02	1:01:01
